#Produced by file_write() from ADMButils; Wed May 30 12:03:24 2012
# ndays 
 4 

# nstages 
 3 

# spacing 
 0.05 

# days 
 22 24 27 29 

# staging 
72 2 2
314 26 83
107 57 160
32 26 150

# stageprop 
0.947368421052632 0.0263157894736842 0.0263157894736842
0.742316784869976 0.0614657210401891 0.196217494089835
0.330246913580247 0.175925925925926 0.493827160493827
0.153846153846154 0.125 0.721153846153846

# nphi 
 200 

# phi1 
 1.440091e-08 2.116316e-06 3.493307e-05 0.0002355775 0.0009727752 0.002945457 0.007199641 0.0150457 0.0278955 0.04706019 0.07355306 0.1079335 0.1502142 0.1998377 0.2557175 0.3163308 0.3798429 0.4442484 0.5075103 0.5676859 0.6230307 0.6720751 0.7136736 0.7470267 0.7716803 0.7875052 0.7946635 0.7935647 0.7848176 0.7691802 0.7475119 0.7207285 0.6897639 0.6555366 0.6189234 0.5807396 0.5417241 0.5025312 0.4637259 0.4257836 0.3890926 0.353959 0.3206131 0.2892171 0.2598731 0.2326314 0.2074986 0.1844453 0.1634132 0.1443216 0.1270736 0.1115604 0.09766613 0.08527124 0.07425558 0.06450068 0.05589164 0.04831849 0.0416772 0.03587033 0.03080742 0.02640511 0.02258718 0.01928432 0.0164339 0.01397963 0.01187115 0.01006363 0.008517316 0.007197098 0.006072093 0.005115223 0.004302828 0.003614298 0.003031734 0.002539636 0.002124616 0.001775139 0.001481297 0.00123459 0.00102775 0.0008545733 0.0007097742 0.0005888598 0.000488018 0.00040402 0.0003341363 0.000276063 0.0002278592 0.000187892 0.0001547898 0.0001274025 0.0001047668 8.607707e-05 7.066068e-05 5.795654e-05 4.74973e-05 3.889417e-05 3.182413e-05 2.601906e-05 2.125674e-05 1.735315e-05 1.415606e-05 1.153973e-05 9.400339e-06 7.652302e-06 6.225108e-06 5.060732e-06 4.111467e-06 3.338124e-06 2.708541e-06 2.196344e-06 1.779927e-06 1.441603e-06 1.166903e-06 9.440058e-07 7.632541e-07 6.167689e-07 4.981255e-07 4.020888e-07 3.243964e-07 2.6158e-07 2.108198e-07 1.698243e-07 1.367332e-07 1.100364e-07 8.850979e-08 7.11609e-08 5.718605e-08 4.593465e-08 3.688039e-08 2.959771e-08 2.374277e-08 1.903785e-08 1.525882e-08 1.222482e-08 9.79007e-09 7.83706e-09 6.271151e-09 5.01615e-09 4.010747e-09 3.205635e-09 2.561175e-09 2.045516e-09 1.63308e-09 1.303332e-09 1.039795e-09 8.29254e-10 6.611147e-10 5.268869e-10 4.197699e-10 3.343185e-10 2.661746e-10 2.118517e-10 1.685613e-10 1.340746e-10 1.066104e-10 8.474593e-11 6.734507e-11 5.350103e-11 4.249028e-11 3.37357e-11 2.677713e-11 2.124781e-11 1.685549e-11 1.336742e-11 1.059825e-11 8.400439e-12 6.656609e-12 5.273373e-12 4.176474e-12 3.306878e-12 2.617671e-12 2.071579e-12 1.639001e-12 1.296429e-12 1.025208e-12 8.105315e-13 6.40654e-13 5.062607e-13 3.999659e-13 3.159155e-13 2.494706e-13 1.96956e-13 1.55461e-13 1.22681e-13 9.679165e-14 7.634911e-14 6.021111e-14 4.747412e-14 3.742362e-14 2.949472e-14 2.324091e-14 1.830937e-14 1.442135e-14 1.135669e-14 8.941521e-15 7.038599e-15 5.539579e-15 4.358971e-15 

# phi2 
 1.300397e-09 2.048453e-07 3.624446e-06 2.61998e-05 0.0001159674 0.0003763878 0.000986173 0.002209092 0.004390308 0.007939149 0.01330088 0.02092162 0.03121112 0.04450768 0.06104884 0.08095016 0.1041933 0.1306234 0.1599555 0.1917881 0.2256225 0.2608856 0.2969554 0.3331863 0.3689332 0.4035739 0.4365282 0.467273 0.4953548 0.5203974 0.5421063 0.5602701 0.5747586 0.5855194 0.5925714 0.5959976 0.5959373 0.592577 0.5861415 0.5768852 0.5650836 0.5510259 0.5350072 0.5173229 0.4982628 0.4781067 0.4571209 0.4355547 0.413639 0.3915843 0.3695801 0.3477944 0.3263742 0.3054455 0.2851147 0.2654692 0.246579 0.2284977 0.2112644 0.1949048 0.1794328 0.1648519 0.1511566 0.138334 0.1263643 0.1152229 0.1048807 0.09530522 0.08646175 0.07831375 0.07082366 0.06395343 0.05766504 0.05192087 0.04668404 0.04191873 0.03759035 0.03366571 0.03011318 0.02690275 0.02400606 0.02139646 0.019049 0.01694038 0.01504896 0.01335466 0.01183894 0.01048472 0.009276297 0.008199279 0.00724051 0.006387987 0.005630785 0.004958978 0.00436357 0.003836417 0.003370169 0.002958194 0.002594525 0.002273801 0.001991209 0.001742439 0.001523636 0.001331355 0.001162522 0.001014399 0.0008845513 0.0007708126 0.0006712614 0.0005841934 0.0005080996 0.0004416449 0.0003836493 0.0003330712 0.0002889919 0.0002506022 0.0002171894 0.0001881271 0.0001628647 0.000140919 0.0001218661 0.0001053345 9.099905e-05 7.857508e-05 6.78138e-05 5.849788e-05 5.043758e-05 4.34674e-05 3.744309e-05 3.223899e-05 2.77457e-05 2.386809e-05 2.052345e-05 1.763991e-05 1.515509e-05 1.301486e-05 1.117229e-05 9.586693e-06 8.222847e-06 7.050255e-06 6.042532e-06 5.176868e-06 4.43355e-06 3.795549e-06 3.248168e-06 2.778723e-06 2.376279e-06 2.031406e-06 1.735982e-06 1.483014e-06 1.26648e-06 1.081202e-06 9.227252e-07 7.872215e-07 6.714016e-07 5.724406e-07 4.879135e-07 4.157395e-07 3.541339e-07 3.015666e-07 2.567261e-07 2.184889e-07 1.85893e-07 1.581148e-07 1.344495e-07 1.142943e-07 9.713382e-08 8.252733e-08 7.009841e-08 5.95255e-08 5.0534e-08 4.288954e-08 3.639214e-08 3.087119e-08 2.618125e-08 2.219828e-08 1.881663e-08 1.594627e-08 1.351052e-08 1.144411e-08 9.691482e-09 8.205359e-09 6.945528e-09 5.877795e-09 4.973087e-09 4.206698e-09 3.557633e-09 3.00806e-09 2.542837e-09 2.149108e-09 1.815961e-09 1.534137e-09 1.295783e-09 1.094238e-09 9.238551e-10 7.798461e-10 6.581548e-10 5.553441e-10 4.685027e-10 3.951652e-10 

# ncphi 
 600 

# cphi1 
 1 1 0.9999993 0.9999938 0.999967 0.9998761 0.9996346 0.9990964 0.9980466 0.9962014 0.9932182 0.9887143 0.9822928 0.9735702 0.9622045 0.9479194 0.9305231 0.9099202 0.8861173 0.8592207 0.8294294 0.7970229 0.7623462 0.7257931 0.6877887 0.6487724 0.6091828 0.5694438 0.5299538 0.4910769 0.4531364 0.416411 0.3811332 0.347489 0.3156193 0.2856228 0.2575591 0.2314532 0.2072995 0.1850662 0.1647002 0.146131 0.1292745 0.1140371 0.1003186 0.08801475 0.07702025 0.06723022 0.05854202 0.05085655 0.04407913 0.03812027 0.0328961 0.02832866 0.02434599 0.02088209 0.01787683 0.01527567 0.01302945 0.01109405 0.009430022 0.008002297 0.006779775 0.005734998 0.004843806 0.004085009 0.003440083 0.002892881 0.002429369 0.002037383 0.001706408 0.001427374 0.001192479 0.000995028 0.0008292847 0.000690348 0.0005740375 0.0004767949 0.0003955971 0.0003278803 0.0002714743 0.0002245448 0.0001855444 0.0001531697 0.0001263242 0.0001040874 8.568721e-05 7.047714e-05 5.791659e-05 4.755408e-05 3.901309e-05 3.197996e-05 2.619373e-05 2.143759e-05 1.753153e-05 1.432637e-05 1.169851e-05 9.545737e-06 7.78357e-06 6.342266e-06 5.164306e-06 4.202298e-06 3.417231e-06 2.777024e-06 2.255319e-06 1.830476e-06 1.484748e-06 1.203591e-06 9.750945e-07 7.895159e-07 6.388893e-07 5.16708e-07 4.176608e-07 3.374156e-07 2.724416e-07 2.198631e-07 1.773395e-07 1.429674e-07 1.151993e-07 9.277857e-08 7.46851e-08 6.009135e-08 4.832646e-08 3.884687e-08 3.121248e-08 2.506714e-08 2.01228e-08 1.614663e-08 1.295056e-08 1.038271e-08 8.32053e-09 6.665186e-09 5.337e-09 4.271772e-09 3.417807e-09 2.733492e-09 2.185353e-09 1.746469e-09 1.395205e-09 1.11418e-09 8.894371e-10 7.097728e-10 5.662003e-10 4.515122e-10 3.599311e-10 2.868282e-10 2.284962e-10 1.819669e-10 1.448652e-10 1.152912e-10 9.172552e-11 7.295375e-11 5.80056e-11 4.610623e-11 3.663692e-11 2.910372e-11 2.311262e-11 1.834943e-11 1.456368e-11 1.155576e-11 9.166445e-12 7.269185e-12 5.763057e-12 4.56768e-12 3.619327e-12 2.867151e-12 2.270628e-12 1.797784e-12 1.423084e-12 1.126099e-12 8.90954e-13 7.046586e-13 5.572209e-13 4.405365e-13 3.481659e-13 2.751133e-13 2.173817e-13 1.716405e-13 1.355582e-13 1.070255e-13 8.448797e-14 6.661338e-14 5.262457e-14 4.152234e-14 3.275158e-14 2.575717e-14 2.031708e-14 1.598721e-14 1.265654e-14 9.992007e-15 7.882583e-15 6.217249e-15 4.884981e-15 3.774758e-15 2.997602e-15 2.331468e-15 1.887379e-15 1.44329e-15 1.110223e-15 8.881784e-16 6.661338e-16 5.551115e-16 4.440892e-16 3.330669e-16 2.220446e-16 2.220446e-16 2.220446e-16 1.110223e-16 1.110223e-16 1.110223e-16 1.110223e-16 0 0 0 0 0 0 0 0 0 0 0 0 0 0 0 0 0 0 0 0 0 0 0 0 0 0 0 0 0 0 0 0 0 0 0 0 0 0 0 0 0 0 0 0 0 0 0 0 0 0 0 0 0 0 0 0 0 0 0 0 0 0 0 0 0 0 0 0 0 0 0 0 0 0 0 0 0 0 0 0 0 0 0 0 0 0 0 0 0 0 0 0 0 0 0 0 0 0 0 0 0 0 0 0 0 0 0 0 0 0 0 0 0 0 0 0 0 0 0 0 0 0 0 0 0 0 0 0 0 0 0 0 0 0 0 0 0 0 0 0 0 0 0 0 0 0 0 0 0 0 0 0 0 0 0 0 0 0 0 0 0 0 0 0 0 0 0 0 0 0 0 0 0 0 0 0 0 0 0 0 0 0 0 0 0 0 0 0 0 0 0 0 0 0 0 0 0 0 0 0 0 0 0 0 0 0 0 0 0 0 0 0 0 0 0 0 0 0 0 0 0 0 0 0 0 0 0 0 0 0 0 0 0 0 0 0 0 0 0 0 0 0 0 0 0 0 0 0 0 0 0 0 0 0 0 0 0 0 0 0 0 0 0 0 0 0 0 0 0 0 0 0 0 0 0 0 0 0 0 0 0 0 0 0 0 0 0 0 0 0 0 0 0 0 0 0 0 0 0 0 0 0 0 0 0 0 0 0 0 0 0 0 0 0 0 0 0 0 0 0 0 0 0 0 0 0 0 0 0 0 0 0 0 0 0 0 0 0 0 0 0 0 0 0 0 0 0 0 0 0 0 0 0 0 0 0 0 0 0 0 0 0 0 0 0 0 0 0 0 0 0 0 0 0 0 0 0 0 0 0 0 0 0 0 0 0 0 0 0 

# cphi2 
 1 1 0.9999999 0.9999993 0.9999962 0.9999849 0.9999528 0.9998761 0.999716 0.9994143 0.9988918 0.9980466 0.9967552 0.9948753 0.9922502 0.9887143 0.9840995 0.9782418 0.9709887 0.9622045 0.9517765 0.9396185 0.9256744 0.9099202 0.8923639 0.8730454 0.8520346 0.8294294 0.8053518 0.7799446 0.7533676 0.7257931 0.6974019 0.6683794 0.6389118 0.6091828 0.5793702 0.549644 0.5201638 0.4910769 0.4625177 0.4346062 0.4074478 0.3811332 0.3557384 0.3313252 0.3079416 0.2856228 0.2643919 0.2442612 0.2252326 0.2072995 0.1904471 0.1746539 0.1598925 0.146131 0.133333 0.1214596 0.1104691 0.1003186 0.09096383 0.08236043 0.07446388 0.06723022 0.06061626 0.05457998 0.04908065 0.04407913 0.03953793 0.03542136 0.03169559 0.02832866 0.02529055 0.02255309 0.02009 0.01787683 0.01589085 0.01411106 0.01251808 0.01109405 0.009822575 0.008688655 0.007678561 0.006779775 0.005980904 0.005271595 0.004642462 0.004085009 0.00359156 0.00315519 0.002769662 0.002429369 0.002129276 0.001864868 0.001632105 0.001427374 0.001247448 0.001089453 0.0009508243 0.0008292847 0.000722809 0.0006296003 0.0005480658 0.0004767949 0.0004145398 0.0003601977 0.0003127954 0.0002714743 0.0002354778 0.0002041402 0.0001768757 0.0001531697 0.0001325703 0.0001146812 9.915491e-05 8.568721e-05 7.401179e-05 6.38958e-05 5.513578e-05 4.755408e-05 4.09957e-05 3.532548e-05 3.042567e-05 2.619373e-05 2.254046e-05 1.938828e-05 1.666976e-05 1.432637e-05 1.230727e-05 1.056839e-05 9.071531e-06 7.78357e-06 6.675845e-06 5.723546e-06 4.905213e-06 4.202298e-06 3.59877e-06 3.080789e-06 2.636407e-06 2.255319e-06 1.928636e-06 1.6487e-06 1.408912e-06 1.203591e-06 1.027848e-06 8.77476e-07 7.488594e-07 6.388893e-07 5.448953e-07 4.645841e-07 3.959872e-07 3.374156e-07 2.874206e-07 2.447605e-07 2.083707e-07 1.773395e-07 1.508863e-07 1.283425e-07 1.091363e-07 9.277857e-08 7.885097e-08 6.699599e-08 5.690813e-08 4.832646e-08 4.102816e-08 3.482305e-08 2.954885e-08 2.506714e-08 2.125986e-08 1.802639e-08 1.528097e-08 1.295056e-08 1.097292e-08 9.295084e-09 7.871962e-09 6.665186e-09 5.64212e-09 4.775009e-09 4.040256e-09 3.417807e-09 2.89062e-09 2.444221e-09 2.066316e-09 1.746469e-09 1.475822e-09 1.246857e-09 1.053198e-09 8.894371e-10 7.509876e-10 6.339628e-10 5.350681e-10 4.515122e-10 3.809305e-10 3.213209e-10 2.709878e-10 2.284962e-10 1.926316e-10 1.623663e-10 1.368312e-10 1.152912e-10 9.712464e-11 8.180612e-11 6.889145e-11 5.80056e-11 4.883149e-11 4.110134e-11 3.4589e-11 2.910372e-11 2.448419e-11 2.059453e-11 1.731992e-11 1.456368e-11 1.224421e-11 1.029243e-11 8.650414e-12 7.269185e-12 6.107559e-12 5.130896e-12 4.309664e-12 3.619327e-12 3.039125e-12 2.551626e-12 2.141953e-12 1.797784e-12 1.508682e-12 1.265987e-12 1.062039e-12 8.90954e-13 7.472911e-13 6.267209e-13 5.254686e-13 4.405365e-13 3.692602e-13 3.095302e-13 2.594591e-13 2.173817e-13 1.820766e-13 1.525446e-13 1.277867e-13 1.070255e-13 8.9595e-14 7.505108e-14 6.283862e-14 5.262457e-14 4.407585e-14 3.68594e-14 3.08642e-14 2.575717e-14 2.153833e-14 1.809664e-14 1.509903e-14 1.265654e-14 1.054712e-14 8.881784e-15 7.327472e-15 6.217249e-15 5.107026e-15 4.32987e-15 3.552714e-15 2.997602e-15 2.553513e-15 2.109424e-15 1.776357e-15 1.44329e-15 1.221245e-15 9.992007e-16 8.881784e-16 6.661338e-16 5.551115e-16 4.440892e-16 4.440892e-16 3.330669e-16 3.330669e-16 2.220446e-16 2.220446e-16 2.220446e-16 1.110223e-16 1.110223e-16 1.110223e-16 1.110223e-16 1.110223e-16 1.110223e-16 0 0 0 0 0 0 0 0 0 0 0 0 0 0 0 0 0 0 0 0 0 0 0 0 0 0 0 0 0 0 0 0 0 0 0 0 0 0 0 0 0 0 0 0 0 0 0 0 0 0 0 0 0 0 0 0 0 0 0 0 0 0 0 0 0 0 0 0 0 0 0 0 0 0 0 0 0 0 0 0 0 0 0 0 0 0 0 0 0 0 0 0 0 0 0 0 0 0 0 0 0 0 0 0 0 0 0 0 0 0 0 0 0 0 0 0 0 0 0 0 0 0 0 0 0 0 0 0 0 0 0 0 0 0 0 0 0 0 0 0 0 0 0 0 0 0 0 0 0 0 0 0 0 0 0 0 0 0 0 0 0 0 0 0 0 0 0 0 0 0 0 0 0 0 0 0 0 0 0 0 0 0 0 0 0 0 0 0 0 0 0 0 0 0 0 0 0 0 0 0 0 0 0 0 0 0 0 0 0 0 0 0 0 0 0 0 0 0 0 0 0 0 0 0 0 0 0 0 0 0 0 0 0 0 0 0 0 0 0 0 0 0 0 0 0 0 0 0 0 0 0 0 0 0 0 0 0 0 0 0 0 0 0 0 0 0 0 0 0 0 0 0 0 0 0 0 0 0 0 0 0 0 0 0 0 0 0 0 0 0 0 0 0 0 0 0 0 0 0 0 0 0 0 0 0 0 0 0 0 0 0 0 0 0 0 0 0 0 

# cphi3 
 1 1 1 1 1 0.9999999 0.9999997 0.9999991 0.9999977 0.9999948 0.9999892 0.9999793 0.9999626 0.9999357 0.9998942 0.9998324 0.9997434 0.9996187 0.999448 0.9992198 0.9989204 0.998535 0.9980466 0.9974371 0.9966867 0.9957747 0.994679 0.9933766 0.9918443 0.9900581 0.987994 0.9856282 0.9829373 0.9798985 0.9764901 0.9726913 0.968483 0.9638475 0.9587688 0.9532332 0.9472288 0.940746 0.9337775 0.9263183 0.9183659 0.9099202 0.9009834 0.8915602 0.8816574 0.8712843 0.8604521 0.8491742 0.8374658 0.825344 0.8128274 0.7999363 0.7866921 0.7731175 0.7592362 0.7450728 0.7306525 0.7160012 0.7011449 0.6861102 0.6709235 0.6556112 0.6401998 0.6247151 0.6091828 0.5936278 0.5780748 0.5625474 0.5470686 0.5316605 0.5163445 0.5011408 0.4860686 0.4711463 0.456391 0.4418188 0.4274448 0.4132829 0.3993459 0.3856455 0.3721925 0.3589963 0.3460656 0.3334078 0.3210295 0.3089363 0.2971328 0.2856228 0.274409 0.2634937 0.2528781 0.2425628 0.2325476 0.2228316 0.2134136 0.2042915 0.1954628 0.1869245 0.1786732 0.1707048 0.1630153 0.1556 0.148454 0.1415721 0.134949 0.128579 0.1224564 0.1165751 0.1109292 0.1055124 0.1003186 0.09534136 0.09057447 0.08601158 0.08164635 0.07747247 0.0734837 0.06967381 0.06603664 0.06256614 0.05925631 0.05610127 0.05309522 0.05023248 0.04750751 0.04491486 0.04244923 0.04010543 0.03787844 0.03576333 0.03375536 0.03184989 0.03004244 0.02832866 0.02670436 0.02516547 0.02370807 0.02232838 0.02102275 0.01978766 0.01861974 0.01751573 0.01647252 0.01548709 0.01455659 0.01367824 0.01284941 0.01206757 0.0113303 0.01063528 0.009980311 0.009363272 0.008782152 0.008235031 0.007720077 0.007235545 0.006779775 0.006351185 0.005948273 0.005569608 0.005213833 0.004879657 0.004565858 0.004271272 0.003994798 0.003735393 0.003492067 0.003263883 0.003049954 0.00284944 0.002661549 0.002485528 0.00232067 0.002166303 0.002021795 0.001886549 0.00176 0.001641617 0.0015309 0.001427374 0.001330595 0.001240143 0.001155623 0.001076664 0.001002915 0.0009340479 0.0008697526 0.0008097384 0.0007537317 0.0007014756 0.000652729 0.0006072652 0.0005648716 0.0005253486 0.0004885091 0.0004541774 0.000422189 0.0003923896 0.0003646345 0.0003387883 0.0003147241 0.0002923232 0.0002714743 0.0002520733 0.0002340229 0.0002172321 0.0002016155 0.0001870937 0.000173592 0.0001610411 0.0001493758 0.0001385355 0.0001284635 0.0001191068 0.0001104161 0.0001023452 9.485108e-05 8.789364e-05 8.143543e-05 7.544157e-05 6.987949e-05 6.471888e-05 5.993148e-05 5.549095e-05 5.137277e-05 4.755408e-05 4.401363e-05 4.073161e-05 3.768958e-05 3.48704e-05 3.22581e-05 2.983783e-05 2.759579e-05 2.551914e-05 2.359592e-05 2.181506e-05 2.016621e-05 1.863981e-05 1.722694e-05 1.591933e-05 1.470928e-05 1.358967e-05 1.255386e-05 1.15957e-05 1.070948e-05 9.889903e-06 9.132045e-06 8.431345e-06 7.78357e-06 7.184794e-06 6.631375e-06 6.119938e-06 5.647354e-06 5.21072e-06 4.80735e-06 4.43475e-06 4.090612e-06 3.772799e-06 3.479328e-06 3.208365e-06 2.958212e-06 2.727295e-06 2.514159e-06 2.317454e-06 2.135934e-06 1.968443e-06 1.813915e-06 1.67136e-06 1.539864e-06 1.418582e-06 1.306732e-06 1.203591e-06 1.108489e-06 1.02081e-06 9.399818e-07 8.654763e-07 7.968057e-07 7.335192e-07 6.752002e-07 6.214639e-07 5.71955e-07 5.26345e-07 4.84331e-07 4.456329e-07 4.099924e-07 3.771708e-07 3.46948e-07 3.191206e-07 2.935011e-07 2.699165e-07 2.482069e-07 2.282252e-07 2.098353e-07 1.92912e-07 1.773395e-07 1.630114e-07 1.498293e-07 1.377025e-07 1.265474e-07 1.162872e-07 1.068508e-07 9.817264e-08 9.019259e-08 8.285503e-08 7.610878e-08 6.990669e-08 6.420531e-08 5.896464e-08 5.414782e-08 4.972092e-08 4.565268e-08 4.191435e-08 3.847942e-08 3.532351e-08 3.242418e-08 2.976076e-08 2.731425e-08 2.506714e-08 2.300333e-08 2.110801e-08 1.936755e-08 1.776942e-08 1.630207e-08 1.49549e-08 1.371816e-08 1.258288e-08 1.15408e-08 1.058434e-08 9.706524e-09 8.900943e-09 8.161703e-09 7.483386e-09 6.861014e-09 6.29001e-09 5.766171e-09 5.285631e-09 4.844842e-09 4.440542e-09 4.069733e-09 3.729664e-09 3.417807e-09 3.131839e-09 2.869628e-09 2.629215e-09 2.408802e-09 2.206739e-09 2.021508e-09 1.851719e-09 1.696093e-09 1.553458e-09 1.422737e-09 1.302943e-09 1.193169e-09 1.092582e-09 1.000419e-09 9.159797e-10 8.386215e-10 7.677545e-10 7.028379e-10 6.433755e-10 5.88912e-10 5.390303e-10 4.933474e-10 4.515122e-10 4.132027e-10 3.781239e-10 3.460051e-10 3.165981e-10 2.896755e-10 2.650287e-10 2.424666e-10 2.218139e-10 2.029101e-10 1.856081e-10 1.697729e-10 1.552809e-10 1.42019e-10 1.298833e-10 1.187788e-10 1.086184e-10 9.932233e-11 9.081746e-11 8.30368e-11 7.591916e-11 6.940837e-11 6.34528e-11 5.80056e-11 5.302359e-11 4.846712e-11 4.430023e-11 4.048961e-11 3.700518e-11 3.381906e-11 3.090572e-11 2.824219e-11 2.580702e-11 2.35808e-11 2.154554e-11 1.968525e-11 1.798461e-11 1.64303e-11 1.500955e-11 1.371114e-11 1.252454e-11 1.144007e-11 1.044909e-11 9.543477e-12 8.716028e-12 7.959966e-12 7.269185e-12 6.638134e-12 6.061485e-12 5.534795e-12 5.053624e-12 4.614087e-12 4.21263e-12 3.845924e-12 3.51108e-12 3.205214e-12 2.925771e-12 2.670753e-12 2.437717e-12 2.224998e-12 2.03082e-12 1.853406e-12 1.691425e-12 1.543654e-12 1.408651e-12 1.285416e-12 1.172951e-12 1.070255e-12 9.765522e-13 8.90954e-13 8.127943e-13 7.41518e-13 6.765699e-13 6.17173e-13 5.629941e-13 5.134781e-13 4.684031e-13 4.272138e-13 3.896883e-13 3.553824e-13 3.240741e-13 2.956524e-13 2.695622e-13 2.458034e-13 2.24154e-13 2.043921e-13 1.864064e-13 1.699751e-13 1.549871e-13 1.412204e-13 1.287859e-13 1.174616e-13 1.070255e-13 9.75886e-14 8.892886e-14 8.104628e-14 7.394085e-14 6.739054e-14 6.139533e-14 5.595524e-14 5.095924e-14 4.651834e-14 4.22995e-14 3.863576e-14 3.519407e-14 3.208545e-14 2.919887e-14 2.664535e-14 2.420286e-14 2.209344e-14 2.009504e-14 1.831868e-14 1.665335e-14 1.521006e-14 1.387779e-14 1.265654e-14 1.154632e-14 1.04361e-14 9.547918e-15 8.65974e-15 7.882583e-15 7.21645e-15 6.550316e-15 5.995204e-15 5.440093e-15 4.996004e-15 4.551914e-15 4.107825e-15 3.774758e-15 3.441691e-15 3.108624e-15 2.775558e-15 2.553513e-15 2.331468e-15 2.109424e-15 1.887379e-15 1.776357e-15 1.554312e-15 1.44329e-15 1.332268e-15 1.221245e-15 1.110223e-15 9.992007e-16 8.881784e-16 8.881784e-16 7.771561e-16 6.661338e-16 6.661338e-16 5.551115e-16 5.551115e-16 4.440892e-16 4.440892e-16 4.440892e-16 3.330669e-16 3.330669e-16 3.330669e-16 2.220446e-16 2.220446e-16 2.220446e-16 2.220446e-16 2.220446e-16 2.220446e-16 1.110223e-16 1.110223e-16 1.110223e-16 1.110223e-16 1.110223e-16 1.110223e-16 1.110223e-16 1.110223e-16 1.110223e-16 1.110223e-16 1.110223e-16 0 0 0 0 0 0 0 0 0 0 0 0 0 0 0 0 0 0 0 0 0 0 0 0 0 0 0 0 0 0 0 0 0 0 0 0 0 0 0 0 0 0 0 0 0 0 0 0 0 0 0 0 0 0 0 0 0 0 0 0 

# ntm1 
 800 

# tm1 
 0.05 0.1 0.15 0.2 0.25 0.3 0.35 0.4 0.45 0.5 0.55 0.6 0.65 0.7 0.75 0.8 0.85 0.9 0.95 1 1.05 1.1 1.15 1.2 1.25 1.3 1.35 1.4 1.45 1.5 1.55 1.6 1.65 1.7 1.75 1.8 1.85 1.9 1.95 2 2.05 2.1 2.15 2.2 2.25 2.3 2.35 2.4 2.45 2.5 2.55 2.6 2.65 2.7 2.75 2.8 2.85 2.9 2.95 3 3.05 3.1 3.15 3.2 3.25 3.3 3.35 3.4 3.45 3.5 3.55 3.6 3.65 3.7 3.75 3.8 3.85 3.9 3.95 4 4.05 4.1 4.15 4.2 4.25 4.3 4.35 4.4 4.45 4.5 4.55 4.6 4.65 4.7 4.75 4.8 4.85 4.9 4.95 5 5.05 5.1 5.15 5.2 5.25 5.3 5.35 5.4 5.45 5.5 5.55 5.6 5.65 5.7 5.75 5.8 5.85 5.9 5.95 6 6.05 6.1 6.15 6.2 6.25 6.3 6.35 6.4 6.45 6.5 6.55 6.6 6.65 6.7 6.75 6.8 6.85 6.9 6.95 7 7.05 7.1 7.15 7.2 7.25 7.3 7.35 7.4 7.45 7.5 7.55 7.6 7.65 7.7 7.75 7.8 7.85 7.9 7.95 8 8.05 8.1 8.15 8.2 8.25 8.3 8.35 8.4 8.45 8.5 8.55 8.6 8.65 8.7 8.75 8.8 8.85 8.9 8.95 9 9.05 9.1 9.15 9.2 9.25 9.3 9.35 9.4 9.45 9.5 9.55 9.6 9.65 9.7 9.75 9.8 9.85 9.9 9.95 10 10.05 10.1 10.15 10.2 10.25 10.3 10.35 10.4 10.45 10.5 10.55 10.6 10.65 10.7 10.75 10.8 10.85 10.9 10.95 11 11.05 11.1 11.15 11.2 11.25 11.3 11.35 11.4 11.45 11.5 11.55 11.6 11.65 11.7 11.75 11.8 11.85 11.9 11.95 12 12.05 12.1 12.15 12.2 12.25 12.3 12.35 12.4 12.45 12.5 12.55 12.6 12.65 12.7 12.75 12.8 12.85 12.9 12.95 13 13.05 13.1 13.15 13.2 13.25 13.3 13.35 13.4 13.45 13.5 13.55 13.6 13.65 13.7 13.75 13.8 13.85 13.9 13.95 14 14.05 14.1 14.15 14.2 14.25 14.3 14.35 14.4 14.45 14.5 14.55 14.6 14.65 14.7 14.75 14.8 14.85 14.9 14.95 15 15.05 15.1 15.15 15.2 15.25 15.3 15.35 15.4 15.45 15.5 15.55 15.6 15.65 15.7 15.75 15.8 15.85 15.9 15.95 16 16.05 16.1 16.15 16.2 16.25 16.3 16.35 16.4 16.45 16.5 16.55 16.6 16.65 16.7 16.75 16.8 16.85 16.9 16.95 17 17.05 17.1 17.15 17.2 17.25 17.3 17.35 17.4 17.45 17.5 17.55 17.6 17.65 17.7 17.75 17.8 17.85 17.9 17.95 18 18.05 18.1 18.15 18.2 18.25 18.3 18.35 18.4 18.45 18.5 18.55 18.6 18.65 18.7 18.75 18.8 18.85 18.9 18.95 19 19.05 19.1 19.15 19.2 19.25 19.3 19.35 19.4 19.45 19.5 19.55 19.6 19.65 19.7 19.75 19.8 19.85 19.9 19.95 20 20.05 20.1 20.15 20.2 20.25 20.3 20.35 20.4 20.45 20.5 20.55 20.6 20.65 20.7 20.75 20.8 20.85 20.9 20.95 21 21.05 21.1 21.15 21.2 21.25 21.3 21.35 21.4 21.45 21.5 21.55 21.6 21.65 21.7 21.75 21.8 21.85 21.9 21.95 22 22.05 22.1 22.15 22.2 22.25 22.3 22.35 22.4 22.45 22.5 22.55 22.6 22.65 22.7 22.75 22.8 22.85 22.9 22.95 23 23.05 23.1 23.15 23.2 23.25 23.3 23.35 23.4 23.45 23.5 23.55 23.6 23.65 23.7 23.75 23.8 23.85 23.9 23.95 24 24.05 24.1 24.15 24.2 24.25 24.3 24.35 24.4 24.45 24.5 24.55 24.6 24.65 24.7 24.75 24.8 24.85 24.9 24.95 25 25.05 25.1 25.15 25.2 25.25 25.3 25.35 25.4 25.45 25.5 25.55 25.6 25.65 25.7 25.75 25.8 25.85 25.9 25.95 26 26.05 26.1 26.15 26.2 26.25 26.3 26.35 26.4 26.45 26.5 26.55 26.6 26.65 26.7 26.75 26.8 26.85 26.9 26.95 27 27.05 27.1 27.15 27.2 27.25 27.3 27.35 27.4 27.45 27.5 27.55 27.6 27.65 27.7 27.75 27.8 27.85 27.9 27.95 28 28.05 28.1 28.15 28.2 28.25 28.3 28.35 28.4 28.45 28.5 28.55 28.6 28.65 28.7 28.75 28.8 28.85 28.9 28.95 29 29.05 29.1 29.15 29.2 29.25 29.3 29.35 29.4 29.45 29.5 29.55 29.6 29.65 29.7 29.75 29.8 29.85 29.9 29.95 30 30.05 30.1 30.15 30.2 30.25 30.3 30.35 30.4 30.45 30.5 30.55 30.6 30.65 30.7 30.75 30.8 30.85 30.9 30.95 31 31.05 31.1 31.15 31.2 31.25 31.3 31.35 31.4 31.45 31.5 31.55 31.6 31.65 31.7 31.75 31.8 31.85 31.9 31.95 32 32.05 32.1 32.15 32.2 32.25 32.3 32.35 32.4 32.45 32.5 32.55 32.6 32.65 32.7 32.75 32.8 32.85 32.9 32.95 33 33.05 33.1 33.15 33.2 33.25 33.3 33.35 33.4 33.45 33.5 33.55 33.6 33.65 33.7 33.75 33.8 33.85 33.9 33.95 34 34.05 34.1 34.15 34.2 34.25 34.3 34.35 34.4 34.45 34.5 34.55 34.6 34.65 34.7 34.75 34.8 34.85 34.9 34.95 35 35.05 35.1 35.15 35.2 35.25 35.3 35.35 35.4 35.45 35.5 35.55 35.6 35.65 35.7 35.75 35.8 35.85 35.9 35.95 36 36.05 36.1 36.15 36.2 36.25 36.3 36.35 36.4 36.45 36.5 36.55 36.6 36.65 36.7 36.75 36.8 36.85 36.9 36.95 37 37.05 37.1 37.15 37.2 37.25 37.3 37.35 37.4 37.45 37.5 37.55 37.6 37.65 37.7 37.75 37.8 37.85 37.9 37.95 38 38.05 38.1 38.15 38.2 38.25 38.3 38.35 38.4 38.45 38.5 38.55 38.6 38.65 38.7 38.75 38.8 38.85 38.9 38.95 39 39.05 39.1 39.15 39.2 39.25 39.3 39.35 39.4 39.45 39.5 39.55 39.6 39.65 39.7 39.75 39.8 39.85 39.9 39.95 40 

# ntn1 
 1399 

# tn1 
 0.1 0.15 0.2 0.25 0.3 0.35 0.4 0.45 0.5 0.55 0.6 0.65 0.7 0.75 0.8 0.85 0.9 0.95 1 1.05 1.1 1.15 1.2 1.25 1.3 1.35 1.4 1.45 1.5 1.55 1.6 1.65 1.7 1.75 1.8 1.85 1.9 1.95 2 2.05 2.1 2.15 2.2 2.25 2.3 2.35 2.4 2.45 2.5 2.55 2.6 2.65 2.7 2.75 2.8 2.85 2.9 2.95 3 3.05 3.1 3.15 3.2 3.25 3.3 3.35 3.4 3.45 3.5 3.55 3.6 3.65 3.7 3.75 3.8 3.85 3.9 3.95 4 4.05 4.1 4.15 4.2 4.25 4.3 4.35 4.4 4.45 4.5 4.55 4.6 4.65 4.7 4.75 4.8 4.85 4.9 4.95 5 5.05 5.1 5.15 5.2 5.25 5.3 5.35 5.4 5.45 5.5 5.55 5.6 5.65 5.7 5.75 5.8 5.85 5.9 5.95 6 6.05 6.1 6.15 6.2 6.25 6.3 6.35 6.4 6.45 6.5 6.55 6.6 6.65 6.7 6.75 6.8 6.85 6.9 6.95 7 7.05 7.1 7.15 7.2 7.25 7.3 7.35 7.4 7.45 7.5 7.55 7.6 7.65 7.7 7.75 7.8 7.85 7.9 7.95 8 8.05 8.1 8.15 8.2 8.25 8.3 8.35 8.4 8.45 8.5 8.55 8.6 8.65 8.7 8.75 8.8 8.85 8.9 8.95 9 9.05 9.1 9.15 9.2 9.25 9.3 9.35 9.4 9.45 9.5 9.55 9.6 9.65 9.7 9.75 9.8 9.85 9.9 9.95 10 10.05 10.1 10.15 10.2 10.25 10.3 10.35 10.4 10.45 10.5 10.55 10.6 10.65 10.7 10.75 10.8 10.85 10.9 10.95 11 11.05 11.1 11.15 11.2 11.25 11.3 11.35 11.4 11.45 11.5 11.55 11.6 11.65 11.7 11.75 11.8 11.85 11.9 11.95 12 12.05 12.1 12.15 12.2 12.25 12.3 12.35 12.4 12.45 12.5 12.55 12.6 12.65 12.7 12.75 12.8 12.85 12.9 12.95 13 13.05 13.1 13.15 13.2 13.25 13.3 13.35 13.4 13.45 13.5 13.55 13.6 13.65 13.7 13.75 13.8 13.85 13.9 13.95 14 14.05 14.1 14.15 14.2 14.25 14.3 14.35 14.4 14.45 14.5 14.55 14.6 14.65 14.7 14.75 14.8 14.85 14.9 14.95 15 15.05 15.1 15.15 15.2 15.25 15.3 15.35 15.4 15.45 15.5 15.55 15.6 15.65 15.7 15.75 15.8 15.85 15.9 15.95 16 16.05 16.1 16.15 16.2 16.25 16.3 16.35 16.4 16.45 16.5 16.55 16.6 16.65 16.7 16.75 16.8 16.85 16.9 16.95 17 17.05 17.1 17.15 17.2 17.25 17.3 17.35 17.4 17.45 17.5 17.55 17.6 17.65 17.7 17.75 17.8 17.85 17.9 17.95 18 18.05 18.1 18.15 18.2 18.25 18.3 18.35 18.4 18.45 18.5 18.55 18.6 18.65 18.7 18.75 18.8 18.85 18.9 18.95 19 19.05 19.1 19.15 19.2 19.25 19.3 19.35 19.4 19.45 19.5 19.55 19.6 19.65 19.7 19.75 19.8 19.85 19.9 19.95 20 20.05 20.1 20.15 20.2 20.25 20.3 20.35 20.4 20.45 20.5 20.55 20.6 20.65 20.7 20.75 20.8 20.85 20.9 20.95 21 21.05 21.1 21.15 21.2 21.25 21.3 21.35 21.4 21.45 21.5 21.55 21.6 21.65 21.7 21.75 21.8 21.85 21.9 21.95 22 22.05 22.1 22.15 22.2 22.25 22.3 22.35 22.4 22.45 22.5 22.55 22.6 22.65 22.7 22.75 22.8 22.85 22.9 22.95 23 23.05 23.1 23.15 23.2 23.25 23.3 23.35 23.4 23.45 23.5 23.55 23.6 23.65 23.7 23.75 23.8 23.85 23.9 23.95 24 24.05 24.1 24.15 24.2 24.25 24.3 24.35 24.4 24.45 24.5 24.55 24.6 24.65 24.7 24.75 24.8 24.85 24.9 24.95 25 25.05 25.1 25.15 25.2 25.25 25.3 25.35 25.4 25.45 25.5 25.55 25.6 25.65 25.7 25.75 25.8 25.85 25.9 25.95 26 26.05 26.1 26.15 26.2 26.25 26.3 26.35 26.4 26.45 26.5 26.55 26.6 26.65 26.7 26.75 26.8 26.85 26.9 26.95 27 27.05 27.1 27.15 27.2 27.25 27.3 27.35 27.4 27.45 27.5 27.55 27.6 27.65 27.7 27.75 27.8 27.85 27.9 27.95 28 28.05 28.1 28.15 28.2 28.25 28.3 28.35 28.4 28.45 28.5 28.55 28.6 28.65 28.7 28.75 28.8 28.85 28.9 28.95 29 29.05 29.1 29.15 29.2 29.25 29.3 29.35 29.4 29.45 29.5 29.55 29.6 29.65 29.7 29.75 29.8 29.85 29.9 29.95 30 30.05 30.1 30.15 30.2 30.25 30.3 30.35 30.4 30.45 30.5 30.55 30.6 30.65 30.7 30.75 30.8 30.85 30.9 30.95 31 31.05 31.1 31.15 31.2 31.25 31.3 31.35 31.4 31.45 31.5 31.55 31.6 31.65 31.7 31.75 31.8 31.85 31.9 31.95 32 32.05 32.1 32.15 32.2 32.25 32.3 32.35 32.4 32.45 32.5 32.55 32.6 32.65 32.7 32.75 32.8 32.85 32.9 32.95 33 33.05 33.1 33.15 33.2 33.25 33.3 33.35 33.4 33.45 33.5 33.55 33.6 33.65 33.7 33.75 33.8 33.85 33.9 33.95 34 34.05 34.1 34.15 34.2 34.25 34.3 34.35 34.4 34.45 34.5 34.55 34.6 34.65 34.7 34.75 34.8 34.85 34.9 34.95 35 35.05 35.1 35.15 35.2 35.25 35.3 35.35 35.4 35.45 35.5 35.55 35.6 35.65 35.7 35.75 35.8 35.85 35.9 35.95 36 36.05 36.1 36.15 36.2 36.25 36.3 36.35 36.4 36.45 36.5 36.55 36.6 36.65 36.7 36.75 36.8 36.85 36.9 36.95 37 37.05 37.1 37.15 37.2 37.25 37.3 37.35 37.4 37.45 37.5 37.55 37.6 37.65 37.7 37.75 37.8 37.85 37.9 37.95 38 38.05 38.1 38.15 38.2 38.25 38.3 38.35 38.4 38.45 38.5 38.55 38.6 38.65 38.7 38.75 38.8 38.85 38.9 38.95 39 39.05 39.1 39.15 39.2 39.25 39.3 39.35 39.4 39.45 39.5 39.55 39.6 39.65 39.7 39.75 39.8 39.85 39.9 39.95 40 40.05 40.1 40.15 40.2 40.25 40.3 40.35 40.4 40.45 40.5 40.55 40.6 40.65 40.7 40.75 40.8 40.85 40.9 40.95 41 41.05 41.1 41.15 41.2 41.25 41.3 41.35 41.4 41.45 41.5 41.55 41.6 41.65 41.7 41.75 41.8 41.85 41.9 41.95 42 42.05 42.1 42.15 42.2 42.25 42.3 42.35 42.4 42.45 42.5 42.55 42.6 42.65 42.7 42.75 42.8 42.85 42.9 42.95 43 43.05 43.1 43.15 43.2 43.25 43.3 43.35 43.4 43.45 43.5 43.55 43.6 43.65 43.7 43.75 43.8 43.85 43.9 43.95 44 44.05 44.1 44.15 44.2 44.25 44.3 44.35 44.4 44.45 44.5 44.55 44.6 44.65 44.7 44.75 44.8 44.85 44.9 44.95 45 45.05 45.1 45.15 45.2 45.25 45.3 45.35 45.4 45.45 45.5 45.55 45.6 45.65 45.7 45.75 45.8 45.85 45.9 45.95 46 46.05 46.1 46.15 46.2 46.25 46.3 46.35 46.4 46.45 46.5 46.55 46.6 46.65 46.7 46.75 46.8 46.85 46.9 46.95 47 47.05 47.1 47.15 47.2 47.25 47.3 47.35 47.4 47.45 47.5 47.55 47.6 47.65 47.7 47.75 47.8 47.85 47.9 47.95 48 48.05 48.1 48.15 48.2 48.25 48.3 48.35 48.4 48.45 48.5 48.55 48.6 48.65 48.7 48.75 48.8 48.85 48.9 48.95 49 49.05 49.1 49.15 49.2 49.25 49.3 49.35 49.4 49.45 49.5 49.55 49.6 49.65 49.7 49.75 49.8 49.85 49.9 49.95 50 50.05 50.1 50.15 50.2 50.25 50.3 50.35 50.4 50.45 50.5 50.55 50.6 50.65 50.7 50.75 50.8 50.85 50.9 50.95 51 51.05 51.1 51.15 51.2 51.25 51.3 51.35 51.4 51.45 51.5 51.55 51.6 51.65 51.7 51.75 51.8 51.85 51.9 51.95 52 52.05 52.1 52.15 52.2 52.25 52.3 52.35 52.4 52.45 52.5 52.55 52.6 52.65 52.7 52.75 52.8 52.85 52.9 52.95 53 53.05 53.1 53.15 53.2 53.25 53.3 53.35 53.4 53.45 53.5 53.55 53.6 53.65 53.7 53.75 53.8 53.85 53.9 53.95 54 54.05 54.1 54.15 54.2 54.25 54.3 54.35 54.4 54.45 54.5 54.55 54.6 54.65 54.7 54.75 54.8 54.85 54.9 54.95 55 55.05 55.1 55.15 55.2 55.25 55.3 55.35 55.4 55.45 55.5 55.55 55.6 55.65 55.7 55.75 55.8 55.85 55.9 55.95 56 56.05 56.1 56.15 56.2 56.25 56.3 56.35 56.4 56.45 56.5 56.55 56.6 56.65 56.7 56.75 56.8 56.85 56.9 56.95 57 57.05 57.1 57.15 57.2 57.25 57.3 57.35 57.4 57.45 57.5 57.55 57.6 57.65 57.7 57.75 57.8 57.85 57.9 57.95 58 58.05 58.1 58.15 58.2 58.25 58.3 58.35 58.4 58.45 58.5 58.55 58.6 58.65 58.7 58.75 58.8 58.85 58.9 58.95 59 59.05 59.1 59.15 59.2 59.25 59.3 59.35 59.4 59.45 59.5 59.55 59.6 59.65 59.7 59.75 59.8 59.85 59.9 59.95 60 60.05 60.1 60.15 60.2 60.25 60.3 60.35 60.4 60.45 60.5 60.55 60.6 60.65 60.7 60.75 60.8 60.85 60.9 60.95 61 61.05 61.1 61.15 61.2 61.25 61.3 61.35 61.4 61.45 61.5 61.55 61.6 61.65 61.7 61.75 61.8 61.85 61.9 61.95 62 62.05 62.1 62.15 62.2 62.25 62.3 62.35 62.4 62.45 62.5 62.55 62.6 62.65 62.7 62.75 62.8 62.85 62.9 62.95 63 63.05 63.1 63.15 63.2 63.25 63.3 63.35 63.4 63.45 63.5 63.55 63.6 63.65 63.7 63.75 63.8 63.85 63.9 63.95 64 64.05 64.1 64.15 64.2 64.25 64.3 64.35 64.4 64.45 64.5 64.55 64.6 64.65 64.7 64.75 64.8 64.85 64.9 64.95 65 65.05 65.1 65.15 65.2 65.25 65.3 65.35 65.4 65.45 65.5 65.55 65.6 65.65 65.7 65.75 65.8 65.85 65.9 65.95 66 66.05 66.1 66.15 66.2 66.25 66.3 66.35 66.4 66.45 66.5 66.55 66.6 66.65 66.7 66.75 66.8 66.85 66.9 66.95 67 67.05 67.1 67.15 67.2 67.25 67.3 67.35 67.4 67.45 67.5 67.55 67.6 67.65 67.7 67.75 67.8 67.85 67.9 67.95 68 68.05 68.1 68.15 68.2 68.25 68.3 68.35 68.4 68.45 68.5 68.55 68.6 68.65 68.7 68.75 68.8 68.85 68.9 68.95 69 69.05 69.1 69.15 69.2 69.25 69.3 69.35 69.4 69.45 69.5 69.55 69.6 69.65 69.7 69.75 69.8 69.85 69.9 69.95 70 

# ntn2 
 1598 

# tn2 
 0.2 0.2624922 0.3249843 0.3874765 0.4499687 0.5124609 0.574953 0.6374452 0.6999374 0.7624296 0.8249217 0.8874139 0.9499061 1.012398 1.07489 1.137383 1.199875 1.262367 1.324859 1.387351 1.449843 1.512336 1.574828 1.63732 1.699812 1.762304 1.824796 1.887289 1.949781 2.012273 2.074765 2.137257 2.19975 2.262242 2.324734 2.387226 2.449718 2.51221 2.574703 2.637195 2.699687 2.762179 2.824671 2.887163 2.949656 3.012148 3.07464 3.137132 3.199624 3.262116 3.324609 3.387101 3.449593 3.512085 3.574577 3.63707 3.699562 3.762054 3.824546 3.887038 3.94953 4.012023 4.074515 4.137007 4.199499 4.261991 4.324483 4.386976 4.449468 4.51196 4.574452 4.636944 4.699436 4.761929 4.824421 4.886913 4.949405 5.011897 5.074389 5.136882 5.199374 5.261866 5.324358 5.38685 5.449343 5.511835 5.574327 5.636819 5.699311 5.761803 5.824296 5.886788 5.94928 6.011772 6.074264 6.136756 6.199249 6.261741 6.324233 6.386725 6.449217 6.511709 6.574202 6.636694 6.699186 6.761678 6.82417 6.886662 6.949155 7.011647 7.074139 7.136631 7.199123 7.261616 7.324108 7.3866 7.449092 7.511584 7.574076 7.636569 7.699061 7.761553 7.824045 7.886537 7.949029 8.011522 8.074014 8.136506 8.198998 8.26149 8.323982 8.386475 8.448967 8.511459 8.573951 8.636443 8.698936 8.761428 8.82392 8.886412 8.948904 9.011396 9.073889 9.136381 9.198873 9.261365 9.323857 9.386349 9.448842 9.511334 9.573826 9.636318 9.69881 9.761302 9.823795 9.886287 9.948779 10.01127 10.07376 10.13626 10.19875 10.26124 10.32373 10.38622 10.44872 10.51121 10.5737 10.63619 10.69869 10.76118 10.82367 10.88616 10.94865 11.01115 11.07364 11.13613 11.19862 11.26111 11.32361 11.3861 11.44859 11.51108 11.57358 11.63607 11.69856 11.76105 11.82354 11.88604 11.94853 12.01102 12.07351 12.13601 12.1985 12.26099 12.32348 12.38597 12.44847 12.51096 12.57345 12.63594 12.69843 12.76093 12.82342 12.88591 12.9484 13.0109 13.07339 13.13588 13.19837 13.26086 13.32336 13.38585 13.44834 13.51083 13.57332 13.63582 13.69831 13.7608 13.82329 13.88579 13.94828 14.01077 14.07326 14.13575 14.19825 14.26074 14.32323 14.38572 14.44822 14.51071 14.5732 14.63569 14.69818 14.76068 14.82317 14.88566 14.94815 15.01064 15.07314 15.13563 15.19812 15.26061 15.32311 15.3856 15.44809 15.51058 15.57307 15.63557 15.69806 15.76055 15.82304 15.88554 15.94803 16.01052 16.07301 16.1355 16.198 16.26049 16.32298 16.38547 16.44796 16.51046 16.57295 16.63544 16.69793 16.76043 16.82292 16.88541 16.9479 17.01039 17.07289 17.13538 17.19787 17.26036 17.32286 17.38535 17.44784 17.51033 17.57282 17.63532 17.69781 17.7603 17.82279 17.88528 17.94778 18.01027 18.07276 18.13525 18.19775 18.26024 18.32273 18.38522 18.44771 18.51021 18.5727 18.63519 18.69768 18.76018 18.82267 18.88516 18.94765 19.01014 19.07264 19.13513 19.19762 19.26011 19.3226 19.3851 19.44759 19.51008 19.57257 19.63507 19.69756 19.76005 19.82254 19.88503 19.94753 20.01002 20.07251 20.135 20.1975 20.25999 20.32248 20.38497 20.44746 20.50996 20.57245 20.63494 20.69743 20.75992 20.82242 20.88491 20.9474 21.00989 21.07239 21.13488 21.19737 21.25986 21.32235 21.38485 21.44734 21.50983 21.57232 21.63482 21.69731 21.7598 21.82229 21.88478 21.94728 22.00977 22.07226 22.13475 22.19724 22.25974 22.32223 22.38472 22.44721 22.50971 22.5722 22.63469 22.69718 22.75967 22.82217 22.88466 22.94715 23.00964 23.07214 23.13463 23.19712 23.25961 23.3221 23.3846 23.44709 23.50958 23.57207 23.63456 23.69706 23.75955 23.82204 23.88453 23.94703 24.00952 24.07201 24.1345 24.19699 24.25949 24.32198 24.38447 24.44696 24.50946 24.57195 24.63444 24.69693 24.75942 24.82192 24.88441 24.9469 25.00939 25.07188 25.13438 25.19687 25.25936 25.32185 25.38435 25.44684 25.50933 25.57182 25.63431 25.69681 25.7593 25.82179 25.88428 25.94678 26.00927 26.07176 26.13425 26.19674 26.25924 26.32173 26.38422 26.44671 26.5092 26.5717 26.63419 26.69668 26.75917 26.82167 26.88416 26.94665 27.00914 27.07163 27.13413 27.19662 27.25911 27.3216 27.3841 27.44659 27.50908 27.57157 27.63406 27.69656 27.75905 27.82154 27.88403 27.94652 28.00902 28.07151 28.134 28.19649 28.25899 28.32148 28.38397 28.44646 28.50895 28.57145 28.63394 28.69643 28.75892 28.82142 28.88391 28.9464 29.00889 29.07138 29.13388 29.19637 29.25886 29.32135 29.38384 29.44634 29.50883 29.57132 29.63381 29.69631 29.7588 29.82129 29.88378 29.94627 30.00877 30.07126 30.13375 30.19624 30.25874 30.32123 30.38372 30.44621 30.5087 30.5712 30.63369 30.69618 30.75867 30.82116 30.88366 30.94615 31.00864 31.07113 31.13363 31.19612 31.25861 31.3211 31.38359 31.44609 31.50858 31.57107 31.63356 31.69606 31.75855 31.82104 31.88353 31.94602 32.00852 32.07101 32.1335 32.19599 32.25848 32.32098 32.38347 32.44596 32.50845 32.57095 32.63344 32.69593 32.75842 32.82091 32.88341 32.9459 33.00839 33.07088 33.13338 33.19587 33.25836 33.32085 33.38334 33.44584 33.50833 33.57082 33.63331 33.6958 33.7583 33.82079 33.88328 33.94577 34.00827 34.07076 34.13325 34.19574 34.25823 34.32073 34.38322 34.44571 34.5082 34.5707 34.63319 34.69568 34.75817 34.82066 34.88316 34.94565 35.00814 35.07063 35.13312 35.19562 35.25811 35.3206 35.38309 35.44559 35.50808 35.57057 35.63306 35.69555 35.75805 35.82054 35.88303 35.94552 36.00802 36.07051 36.133 36.19549 36.25798 36.32048 36.38297 36.44546 36.50795 36.57044 36.63294 36.69543 36.75792 36.82041 36.88291 36.9454 37.00789 37.07038 37.13287 37.19537 37.25786 37.32035 37.38284 37.44534 37.50783 37.57032 37.63281 37.6953 37.7578 37.82029 37.88278 37.94527 38.00776 38.07026 38.13275 38.19524 38.25773 38.32023 38.38272 38.44521 38.5077 38.57019 38.63269 38.69518 38.75767 38.82016 38.88265 38.94515 39.00764 39.07013 39.13262 39.19512 39.25761 39.3201 39.38259 39.44508 39.50758 39.57007 39.63256 39.69505 39.75755 39.82004 39.88253 39.94502 40.00751 40.07001 40.1325 40.19499 40.25748 40.31997 40.38247 40.44496 40.50745 40.56994 40.63244 40.69493 40.75742 40.81991 40.8824 40.9449 41.00739 41.06988 41.13237 41.19487 41.25736 41.31985 41.38234 41.44483 41.50733 41.56982 41.63231 41.6948 41.75729 41.81979 41.88228 41.94477 42.00726 42.06976 42.13225 42.19474 42.25723 42.31972 42.38222 42.44471 42.5072 42.56969 42.63219 42.69468 42.75717 42.81966 42.88215 42.94465 43.00714 43.06963 43.13212 43.19461 43.25711 43.3196 43.38209 43.44458 43.50708 43.56957 43.63206 43.69455 43.75704 43.81954 43.88203 43.94452 44.00701 44.06951 44.132 44.19449 44.25698 44.31947 44.38197 44.44446 44.50695 44.56944 44.63193 44.69443 44.75692 44.81941 44.8819 44.9444 45.00689 45.06938 45.13187 45.19436 45.25686 45.31935 45.38184 45.44433 45.50683 45.56932 45.63181 45.6943 45.75679 45.81929 45.88178 45.94427 46.00676 46.06925 46.13175 46.19424 46.25673 46.31922 46.38172 46.44421 46.5067 46.56919 46.63168 46.69418 46.75667 46.81916 46.88165 46.94415 47.00664 47.06913 47.13162 47.19411 47.25661 47.3191 47.38159 47.44408 47.50657 47.56907 47.63156 47.69405 47.75654 47.81904 47.88153 47.94402 48.00651 48.069 48.1315 48.19399 48.25648 48.31897 48.38147 48.44396 48.50645 48.56894 48.63143 48.69393 48.75642 48.81891 48.8814 48.94389 49.00639 49.06888 49.13137 49.19386 49.25636 49.31885 49.38134 49.44383 49.50632 49.56882 49.63131 49.6938 49.75629 49.81879 49.88128 49.94377 50.00626 50.06875 50.13125 50.19374 50.25623 50.31872 50.38121 50.44371 50.5062 50.56869 50.63118 50.69368 50.75617 50.81866 50.88115 50.94364 51.00614 51.06863 51.13112 51.19361 51.25611 51.3186 51.38109 51.44358 51.50607 51.56857 51.63106 51.69355 51.75604 51.81853 51.88103 51.94352 52.00601 52.0685 52.131 52.19349 52.25598 52.31847 52.38096 52.44346 52.50595 52.56844 52.63093 52.69343 52.75592 52.81841 52.8809 52.94339 53.00589 53.06838 53.13087 53.19336 53.25585 53.31835 53.38084 53.44333 53.50582 53.56832 53.63081 53.6933 53.75579 53.81828 53.88078 53.94327 54.00576 54.06825 54.13075 54.19324 54.25573 54.31822 54.38071 54.44321 54.5057 54.56819 54.63068 54.69317 54.75567 54.81816 54.88065 54.94314 55.00564 55.06813 55.13062 55.19311 55.2556 55.3181 55.38059 55.44308 55.50557 55.56807 55.63056 55.69305 55.75554 55.81803 55.88053 55.94302 56.00551 56.068 56.13049 56.19299 56.25548 56.31797 56.38046 56.44296 56.50545 56.56794 56.63043 56.69292 56.75542 56.81791 56.8804 56.94289 57.00539 57.06788 57.13037 57.19286 57.25535 57.31785 57.38034 57.44283 57.50532 57.56781 57.63031 57.6928 57.75529 57.81778 57.88028 57.94277 58.00526 58.06775 58.13024 58.19274 58.25523 58.31772 58.38021 58.44271 58.5052 58.56769 58.63018 58.69267 58.75517 58.81766 58.88015 58.94264 59.00513 59.06763 59.13012 59.19261 59.2551 59.3176 59.38009 59.44258 59.50507 59.56756 59.63006 59.69255 59.75504 59.81753 59.88003 59.94252 60.00501 60.0675 60.12999 60.19249 60.25498 60.31747 60.37996 60.44245 60.50495 60.56744 60.62993 60.69242 60.75492 60.81741 60.8799 60.94239 61.00488 61.06738 61.12987 61.19236 61.25485 61.31735 61.37984 61.44233 61.50482 61.56731 61.62981 61.6923 61.75479 61.81728 61.87977 61.94227 62.00476 62.06725 62.12974 62.19224 62.25473 62.31722 62.37971 62.4422 62.5047 62.56719 62.62968 62.69217 62.75466 62.81716 62.87965 62.94214 63.00463 63.06713 63.12962 63.19211 63.2546 63.31709 63.37959 63.44208 63.50457 63.56706 63.62956 63.69205 63.75454 63.81703 63.87952 63.94202 64.00451 64.067 64.12949 64.19198 64.25448 64.31697 64.37946 64.44195 64.50445 64.56694 64.62943 64.69192 64.75441 64.81691 64.8794 64.94189 65.00438 65.06688 65.12937 65.19186 65.25435 65.31684 65.37934 65.44183 65.50432 65.56681 65.6293 65.6918 65.75429 65.81678 65.87927 65.94177 66.00426 66.06675 66.12924 66.19173 66.25423 66.31672 66.37921 66.4417 66.5042 66.56669 66.62918 66.69167 66.75416 66.81666 66.87915 66.94164 67.00413 67.06662 67.12912 67.19161 67.2541 67.31659 67.37909 67.44158 67.50407 67.56656 67.62905 67.69155 67.75404 67.81653 67.87902 67.94152 68.00401 68.0665 68.12899 68.19148 68.25398 68.31647 68.37896 68.44145 68.50394 68.56644 68.62893 68.69142 68.75391 68.81641 68.8789 68.94139 69.00388 69.06637 69.12887 69.19136 69.25385 69.31634 69.37884 69.44133 69.50382 69.56631 69.6288 69.6913 69.75379 69.81628 69.87877 69.94126 70.00376 70.06625 70.12874 70.19123 70.25373 70.31622 70.37871 70.4412 70.50369 70.56619 70.62868 70.69117 70.75366 70.81616 70.87865 70.94114 71.00363 71.06612 71.12862 71.19111 71.2536 71.31609 71.37858 71.44108 71.50357 71.56606 71.62855 71.69105 71.75354 71.81603 71.87852 71.94101 72.00351 72.066 72.12849 72.19098 72.25348 72.31597 72.37846 72.44095 72.50344 72.56594 72.62843 72.69092 72.75341 72.8159 72.8784 72.94089 73.00338 73.06587 73.12837 73.19086 73.25335 73.31584 73.37833 73.44083 73.50332 73.56581 73.6283 73.6908 73.75329 73.81578 73.87827 73.94076 74.00326 74.06575 74.12824 74.19073 74.25322 74.31572 74.37821 74.4407 74.50319 74.56569 74.62818 74.69067 74.75316 74.81565 74.87815 74.94064 75.00313 75.06562 75.12812 75.19061 75.2531 75.31559 75.37808 75.44058 75.50307 75.56556 75.62805 75.69054 75.75304 75.81553 75.87802 75.94051 76.00301 76.0655 76.12799 76.19048 76.25297 76.31547 76.37796 76.44045 76.50294 76.56544 76.62793 76.69042 76.75291 76.8154 76.8779 76.94039 77.00288 77.06537 77.12786 77.19036 77.25285 77.31534 77.37783 77.44033 77.50282 77.56531 77.6278 77.69029 77.75279 77.81528 77.87777 77.94026 78.00276 78.06525 78.12774 78.19023 78.25272 78.31522 78.37771 78.4402 78.50269 78.56518 78.62768 78.69017 78.75266 78.81515 78.87765 78.94014 79.00263 79.06512 79.12761 79.19011 79.2526 79.31509 79.37758 79.44008 79.50257 79.56506 79.62755 79.69004 79.75254 79.81503 79.87752 79.94001 80.0025 80.065 80.12749 80.18998 80.25247 80.31497 80.37746 80.43995 80.50244 80.56493 80.62743 80.68992 80.75241 80.8149 80.8774 80.93989 81.00238 81.06487 81.12736 81.18986 81.25235 81.31484 81.37733 81.43982 81.50232 81.56481 81.6273 81.68979 81.75229 81.81478 81.87727 81.93976 82.00225 82.06475 82.12724 82.18973 82.25222 82.31472 82.37721 82.4397 82.50219 82.56468 82.62718 82.68967 82.75216 82.81465 82.87714 82.93964 83.00213 83.06462 83.12711 83.18961 83.2521 83.31459 83.37708 83.43957 83.50207 83.56456 83.62705 83.68954 83.75204 83.81453 83.87702 83.93951 84.002 84.0645 84.12699 84.18948 84.25197 84.31446 84.37696 84.43945 84.50194 84.56443 84.62693 84.68942 84.75191 84.8144 84.87689 84.93939 85.00188 85.06437 85.12686 85.18936 85.25185 85.31434 85.37683 85.43932 85.50182 85.56431 85.6268 85.68929 85.75178 85.81428 85.87677 85.93926 86.00175 86.06425 86.12674 86.18923 86.25172 86.31421 86.37671 86.4392 86.50169 86.56418 86.62668 86.68917 86.75166 86.81415 86.87664 86.93914 87.00163 87.06412 87.12661 87.1891 87.2516 87.31409 87.37658 87.43907 87.50157 87.56406 87.62655 87.68904 87.75153 87.81403 87.87652 87.93901 88.0015 88.06399 88.12649 88.18898 88.25147 88.31396 88.37646 88.43895 88.50144 88.56393 88.62642 88.68892 88.75141 88.8139 88.87639 88.93889 89.00138 89.06387 89.12636 89.18885 89.25135 89.31384 89.37633 89.43882 89.50131 89.56381 89.6263 89.68879 89.75128 89.81378 89.87627 89.93876 90.00125 90.06374 90.12624 90.18873 90.25122 90.31371 90.37621 90.4387 90.50119 90.56368 90.62617 90.68867 90.75116 90.81365 90.87614 90.93863 91.00113 91.06362 91.12611 91.1886 91.2511 91.31359 91.37608 91.43857 91.50106 91.56356 91.62605 91.68854 91.75103 91.81353 91.87602 91.93851 92.001 92.06349 92.12599 92.18848 92.25097 92.31346 92.37595 92.43845 92.50094 92.56343 92.62592 92.68842 92.75091 92.8134 92.87589 92.93838 93.00088 93.06337 93.12586 93.18835 93.25085 93.31334 93.37583 93.43832 93.50081 93.56331 93.6258 93.68829 93.75078 93.81327 93.87577 93.93826 94.00075 94.06324 94.12574 94.18823 94.25072 94.31321 94.3757 94.4382 94.50069 94.56318 94.62567 94.68817 94.75066 94.81315 94.87564 94.93813 95.00063 95.06312 95.12561 95.1881 95.25059 95.31309 95.37558 95.43807 95.50056 95.56306 95.62555 95.68804 95.75053 95.81302 95.87552 95.93801 96.0005 96.06299 96.12549 96.18798 96.25047 96.31296 96.37545 96.43795 96.50044 96.56293 96.62542 96.68791 96.75041 96.8129 96.87539 96.93788 97.00038 97.06287 97.12536 97.18785 97.25034 97.31284 97.37533 97.43782 97.50031 97.56281 97.6253 97.68779 97.75028 97.81277 97.87527 97.93776 98.00025 98.06274 98.12523 98.18773 98.25022 98.31271 98.3752 98.4377 98.50019 98.56268 98.62517 98.68766 98.75016 98.81265 98.87514 98.93763 99.00013 99.06262 99.12511 99.1876 99.25009 99.31259 99.37508 99.43757 99.50006 99.56255 99.62505 99.68754 99.75003 99.81252 99.87502 99.93751 100 

# ntn3 
 1797 

# tn3 
 0.3 0.372216 0.4444321 0.5166481 0.5888641 0.6610802 0.7332962 0.8055122 0.8777283 0.9499443 1.02216 1.094376 1.166592 1.238808 1.311024 1.383241 1.455457 1.527673 1.599889 1.672105 1.744321 1.816537 1.888753 1.960969 2.033185 2.105401 2.177617 2.249833 2.322049 2.394265 2.466481 2.538697 2.610913 2.683129 2.755345 2.827561 2.899777 2.971993 3.044209 3.116425 3.188641 3.260857 3.333073 3.40529 3.477506 3.549722 3.621938 3.694154 3.76637 3.838586 3.910802 3.983018 4.055234 4.12745 4.199666 4.271882 4.344098 4.416314 4.48853 4.560746 4.632962 4.705178 4.777394 4.84961 4.921826 4.994042 5.066258 5.138474 5.21069 5.282906 5.355122 5.427339 5.499555 5.571771 5.643987 5.716203 5.788419 5.860635 5.932851 6.005067 6.077283 6.149499 6.221715 6.293931 6.366147 6.438363 6.510579 6.582795 6.655011 6.727227 6.799443 6.871659 6.943875 7.016091 7.088307 7.160523 7.232739 7.304955 7.377171 7.449388 7.521604 7.59382 7.666036 7.738252 7.810468 7.882684 7.9549 8.027116 8.099332 8.171548 8.243764 8.31598 8.388196 8.460412 8.532628 8.604844 8.67706 8.749276 8.821492 8.893708 8.965924 9.03814 9.110356 9.182572 9.254788 9.327004 9.39922 9.471437 9.543653 9.615869 9.688085 9.760301 9.832517 9.904733 9.976949 10.04916 10.12138 10.1936 10.26581 10.33803 10.41024 10.48246 10.55468 10.62689 10.69911 10.77133 10.84354 10.91576 10.98797 11.06019 11.13241 11.20462 11.27684 11.34905 11.42127 11.49349 11.5657 11.63792 11.71013 11.78235 11.85457 11.92678 11.999 12.07121 12.14343 12.21565 12.28786 12.36008 12.43229 12.50451 12.57673 12.64894 12.72116 12.79337 12.86559 12.93781 13.01002 13.08224 13.15445 13.22667 13.29889 13.3711 13.44332 13.51553 13.58775 13.65997 13.73218 13.8044 13.87661 13.94883 14.02105 14.09326 14.16548 14.23769 14.30991 14.38213 14.45434 14.52656 14.59878 14.67099 14.74321 14.81542 14.88764 14.95986 15.03207 15.10429 15.1765 15.24872 15.32094 15.39315 15.46537 15.53758 15.6098 15.68202 15.75423 15.82645 15.89866 15.97088 16.0431 16.11531 16.18753 16.25974 16.33196 16.40418 16.47639 16.54861 16.62082 16.69304 16.76526 16.83747 16.90969 16.9819 17.05412 17.12634 17.19855 17.27077 17.34298 17.4152 17.48742 17.55963 17.63185 17.70406 17.77628 17.8485 17.92071 17.99293 18.06514 18.13736 18.20958 18.28179 18.35401 18.42622 18.49844 18.57066 18.64287 18.71509 18.78731 18.85952 18.93174 19.00395 19.07617 19.14839 19.2206 19.29282 19.36503 19.43725 19.50947 19.58168 19.6539 19.72611 19.79833 19.87055 19.94276 20.01498 20.08719 20.15941 20.23163 20.30384 20.37606 20.44827 20.52049 20.59271 20.66492 20.73714 20.80935 20.88157 20.95379 21.026 21.09822 21.17043 21.24265 21.31487 21.38708 21.4593 21.53151 21.60373 21.67595 21.74816 21.82038 21.89259 21.96481 22.03703 22.10924 22.18146 22.25367 22.32589 22.39811 22.47032 22.54254 22.61476 22.68697 22.75919 22.8314 22.90362 22.97584 23.04805 23.12027 23.19248 23.2647 23.33692 23.40913 23.48135 23.55356 23.62578 23.698 23.77021 23.84243 23.91464 23.98686 24.05908 24.13129 24.20351 24.27572 24.34794 24.42016 24.49237 24.56459 24.6368 24.70902 24.78124 24.85345 24.92567 24.99788 25.0701 25.14232 25.21453 25.28675 25.35896 25.43118 25.5034 25.57561 25.64783 25.72004 25.79226 25.86448 25.93669 26.00891 26.08112 26.15334 26.22556 26.29777 26.36999 26.4422 26.51442 26.58664 26.65885 26.73107 26.80329 26.8755 26.94772 27.01993 27.09215 27.16437 27.23658 27.3088 27.38101 27.45323 27.52545 27.59766 27.66988 27.74209 27.81431 27.88653 27.95874 28.03096 28.10317 28.17539 28.24761 28.31982 28.39204 28.46425 28.53647 28.60869 28.6809 28.75312 28.82533 28.89755 28.96977 29.04198 29.1142 29.18641 29.25863 29.33085 29.40306 29.47528 29.54749 29.61971 29.69193 29.76414 29.83636 29.90857 29.98079 30.05301 30.12522 30.19744 30.26965 30.34187 30.41409 30.4863 30.55852 30.63073 30.70295 30.77517 30.84738 30.9196 30.99182 31.06403 31.13625 31.20846 31.28068 31.3529 31.42511 31.49733 31.56954 31.64176 31.71398 31.78619 31.85841 31.93062 32.00284 32.07506 32.14727 32.21949 32.2917 32.36392 32.43614 32.50835 32.58057 32.65278 32.725 32.79722 32.86943 32.94165 33.01386 33.08608 33.1583 33.23051 33.30273 33.37494 33.44716 33.51938 33.59159 33.66381 33.73602 33.80824 33.88046 33.95267 34.02489 34.0971 34.16932 34.24154 34.31375 34.38597 34.45818 34.5304 34.60262 34.67483 34.74705 34.81927 34.89148 34.9637 35.03591 35.10813 35.18035 35.25256 35.32478 35.39699 35.46921 35.54143 35.61364 35.68586 35.75807 35.83029 35.90251 35.97472 36.04694 36.11915 36.19137 36.26359 36.3358 36.40802 36.48023 36.55245 36.62467 36.69688 36.7691 36.84131 36.91353 36.98575 37.05796 37.13018 37.20239 37.27461 37.34683 37.41904 37.49126 37.56347 37.63569 37.70791 37.78012 37.85234 37.92455 37.99677 38.06899 38.1412 38.21342 38.28563 38.35785 38.43007 38.50228 38.5745 38.64671 38.71893 38.79115 38.86336 38.93558 39.0078 39.08001 39.15223 39.22444 39.29666 39.36888 39.44109 39.51331 39.58552 39.65774 39.72996 39.80217 39.87439 39.9466 40.01882 40.09104 40.16325 40.23547 40.30768 40.3799 40.45212 40.52433 40.59655 40.66876 40.74098 40.8132 40.88541 40.95763 41.02984 41.10206 41.17428 41.24649 41.31871 41.39092 41.46314 41.53536 41.60757 41.67979 41.752 41.82422 41.89644 41.96865 42.04087 42.11308 42.1853 42.25752 42.32973 42.40195 42.47416 42.54638 42.6186 42.69081 42.76303 42.83524 42.90746 42.97968 43.05189 43.12411 43.19633 43.26854 43.34076 43.41297 43.48519 43.55741 43.62962 43.70184 43.77405 43.84627 43.91849 43.9907 44.06292 44.13513 44.20735 44.27957 44.35178 44.424 44.49621 44.56843 44.64065 44.71286 44.78508 44.85729 44.92951 45.00173 45.07394 45.14616 45.21837 45.29059 45.36281 45.43502 45.50724 45.57945 45.65167 45.72389 45.7961 45.86832 45.94053 46.01275 46.08497 46.15718 46.2294 46.30161 46.37383 46.44605 46.51826 46.59048 46.66269 46.73491 46.80713 46.87934 46.95156 47.02378 47.09599 47.16821 47.24042 47.31264 47.38486 47.45707 47.52929 47.6015 47.67372 47.74594 47.81815 47.89037 47.96258 48.0348 48.10702 48.17923 48.25145 48.32366 48.39588 48.4681 48.54031 48.61253 48.68474 48.75696 48.82918 48.90139 48.97361 49.04582 49.11804 49.19026 49.26247 49.33469 49.4069 49.47912 49.55134 49.62355 49.69577 49.76798 49.8402 49.91242 49.98463 50.05685 50.12906 50.20128 50.2735 50.34571 50.41793 50.49014 50.56236 50.63458 50.70679 50.77901 50.85122 50.92344 50.99566 51.06787 51.14009 51.21231 51.28452 51.35674 51.42895 51.50117 51.57339 51.6456 51.71782 51.79003 51.86225 51.93447 52.00668 52.0789 52.15111 52.22333 52.29555 52.36776 52.43998 52.51219 52.58441 52.65663 52.72884 52.80106 52.87327 52.94549 53.01771 53.08992 53.16214 53.23435 53.30657 53.37879 53.451 53.52322 53.59543 53.66765 53.73987 53.81208 53.8843 53.95651 54.02873 54.10095 54.17316 54.24538 54.31759 54.38981 54.46203 54.53424 54.60646 54.67867 54.75089 54.82311 54.89532 54.96754 55.03976 55.11197 55.18419 55.2564 55.32862 55.40084 55.47305 55.54527 55.61748 55.6897 55.76192 55.83413 55.90635 55.97856 56.05078 56.123 56.19521 56.26743 56.33964 56.41186 56.48408 56.55629 56.62851 56.70072 56.77294 56.84516 56.91737 56.98959 57.0618 57.13402 57.20624 57.27845 57.35067 57.42288 57.4951 57.56732 57.63953 57.71175 57.78396 57.85618 57.9284 58.00061 58.07283 58.14504 58.21726 58.28948 58.36169 58.43391 58.50612 58.57834 58.65056 58.72277 58.79499 58.8672 58.93942 59.01164 59.08385 59.15607 59.22829 59.3005 59.37272 59.44493 59.51715 59.58937 59.66158 59.7338 59.80601 59.87823 59.95045 60.02266 60.09488 60.16709 60.23931 60.31153 60.38374 60.45596 60.52817 60.60039 60.67261 60.74482 60.81704 60.88925 60.96147 61.03369 61.1059 61.17812 61.25033 61.32255 61.39477 61.46698 61.5392 61.61141 61.68363 61.75585 61.82806 61.90028 61.97249 62.04471 62.11693 62.18914 62.26136 62.33357 62.40579 62.47801 62.55022 62.62244 62.69465 62.76687 62.83909 62.9113 62.98352 63.05573 63.12795 63.20017 63.27238 63.3446 63.41682 63.48903 63.56125 63.63346 63.70568 63.7779 63.85011 63.92233 63.99454 64.06676 64.13898 64.21119 64.28341 64.35562 64.42784 64.50006 64.57227 64.64449 64.7167 64.78892 64.86114 64.93335 65.00557 65.07778 65.15 65.22222 65.29443 65.36665 65.43886 65.51108 65.5833 65.65551 65.72773 65.79994 65.87216 65.94438 66.01659 66.08881 66.16102 66.23324 66.30546 66.37767 66.44989 66.5221 66.59432 66.66654 66.73875 66.81097 66.88318 66.9554 67.02762 67.09983 67.17205 67.24427 67.31648 67.3887 67.46091 67.53313 67.60535 67.67756 67.74978 67.82199 67.89421 67.96643 68.03864 68.11086 68.18307 68.25529 68.32751 68.39972 68.47194 68.54415 68.61637 68.68859 68.7608 68.83302 68.90523 68.97745 69.04967 69.12188 69.1941 69.26631 69.33853 69.41075 69.48296 69.55518 69.62739 69.69961 69.77183 69.84404 69.91626 69.98847 70.06069 70.13291 70.20512 70.27734 70.34955 70.42177 70.49399 70.5662 70.63842 70.71063 70.78285 70.85507 70.92728 70.9995 71.07171 71.14393 71.21615 71.28836 71.36058 71.4328 71.50501 71.57723 71.64944 71.72166 71.79388 71.86609 71.93831 72.01052 72.08274 72.15496 72.22717 72.29939 72.3716 72.44382 72.51604 72.58825 72.66047 72.73268 72.8049 72.87712 72.94933 73.02155 73.09376 73.16598 73.2382 73.31041 73.38263 73.45484 73.52706 73.59928 73.67149 73.74371 73.81592 73.88814 73.96036 74.03257 74.10479 74.177 74.24922 74.32144 74.39365 74.46587 74.53808 74.6103 74.68252 74.75473 74.82695 74.89916 74.97138 75.0436 75.11581 75.18803 75.26024 75.33246 75.40468 75.47689 75.54911 75.62133 75.69354 75.76576 75.83797 75.91019 75.98241 76.05462 76.12684 76.19905 76.27127 76.34349 76.4157 76.48792 76.56013 76.63235 76.70457 76.77678 76.849 76.92121 76.99343 77.06565 77.13786 77.21008 77.28229 77.35451 77.42673 77.49894 77.57116 77.64337 77.71559 77.78781 77.86002 77.93224 78.00445 78.07667 78.14889 78.2211 78.29332 78.36553 78.43775 78.50997 78.58218 78.6544 78.72661 78.79883 78.87105 78.94326 79.01548 79.08769 79.15991 79.23213 79.30434 79.37656 79.44878 79.52099 79.59321 79.66542 79.73764 79.80986 79.88207 79.95429 80.0265 80.09872 80.17094 80.24315 80.31537 80.38758 80.4598 80.53202 80.60423 80.67645 80.74866 80.82088 80.8931 80.96531 81.03753 81.10974 81.18196 81.25418 81.32639 81.39861 81.47082 81.54304 81.61526 81.68747 81.75969 81.8319 81.90412 81.97634 82.04855 82.12077 82.19298 82.2652 82.33742 82.40963 82.48185 82.55406 82.62628 82.6985 82.77071 82.84293 82.91514 82.98736 83.05958 83.13179 83.20401 83.27622 83.34844 83.42066 83.49287 83.56509 83.63731 83.70952 83.78174 83.85395 83.92617 83.99839 84.0706 84.14282 84.21503 84.28725 84.35947 84.43168 84.5039 84.57611 84.64833 84.72055 84.79276 84.86498 84.93719 85.00941 85.08163 85.15384 85.22606 85.29827 85.37049 85.44271 85.51492 85.58714 85.65935 85.73157 85.80379 85.876 85.94822 86.02043 86.09265 86.16487 86.23708 86.3093 86.38151 86.45373 86.52595 86.59816 86.67038 86.74259 86.81481 86.88703 86.95924 87.03146 87.10367 87.17589 87.24811 87.32032 87.39254 87.46476 87.53697 87.60919 87.6814 87.75362 87.82584 87.89805 87.97027 88.04248 88.1147 88.18692 88.25913 88.33135 88.40356 88.47578 88.548 88.62021 88.69243 88.76464 88.83686 88.90908 88.98129 89.05351 89.12572 89.19794 89.27016 89.34237 89.41459 89.4868 89.55902 89.63124 89.70345 89.77567 89.84788 89.9201 89.99232 90.06453 90.13675 90.20896 90.28118 90.3534 90.42561 90.49783 90.57004 90.64226 90.71448 90.78669 90.85891 90.93112 91.00334 91.07556 91.14777 91.21999 91.2922 91.36442 91.43664 91.50885 91.58107 91.65329 91.7255 91.79772 91.86993 91.94215 92.01437 92.08658 92.1588 92.23101 92.30323 92.37545 92.44766 92.51988 92.59209 92.66431 92.73653 92.80874 92.88096 92.95317 93.02539 93.09761 93.16982 93.24204 93.31425 93.38647 93.45869 93.5309 93.60312 93.67533 93.74755 93.81977 93.89198 93.9642 94.03641 94.10863 94.18085 94.25306 94.32528 94.39749 94.46971 94.54193 94.61414 94.68636 94.75857 94.83079 94.90301 94.97522 95.04744 95.11965 95.19187 95.26409 95.3363 95.40852 95.48073 95.55295 95.62517 95.69738 95.7696 95.84182 95.91403 95.98625 96.05846 96.13068 96.2029 96.27511 96.34733 96.41954 96.49176 96.56398 96.63619 96.70841 96.78062 96.85284 96.92506 96.99727 97.06949 97.1417 97.21392 97.28614 97.35835 97.43057 97.50278 97.575 97.64722 97.71943 97.79165 97.86386 97.93608 98.0083 98.08051 98.15273 98.22494 98.29716 98.36938 98.44159 98.51381 98.58602 98.65824 98.73046 98.80267 98.87489 98.9471 99.01932 99.09154 99.16375 99.23597 99.30818 99.3804 99.45262 99.52483 99.59705 99.66927 99.74148 99.8137 99.88591 99.95813 100.0303 100.1026 100.1748 100.247 100.3192 100.3914 100.4636 100.5359 100.6081 100.6803 100.7525 100.8247 100.8969 100.9692 101.0414 101.1136 101.1858 101.258 101.3302 101.4024 101.4747 101.5469 101.6191 101.6913 101.7635 101.8357 101.908 101.9802 102.0524 102.1246 102.1968 102.269 102.3413 102.4135 102.4857 102.5579 102.6301 102.7023 102.7746 102.8468 102.919 102.9912 103.0634 103.1356 103.2079 103.2801 103.3523 103.4245 103.4967 103.5689 103.6411 103.7134 103.7856 103.8578 103.93 104.0022 104.0744 104.1467 104.2189 104.2911 104.3633 104.4355 104.5077 104.58 104.6522 104.7244 104.7966 104.8688 104.941 105.0133 105.0855 105.1577 105.2299 105.3021 105.3743 105.4465 105.5188 105.591 105.6632 105.7354 105.8076 105.8798 105.9521 106.0243 106.0965 106.1687 106.2409 106.3131 106.3854 106.4576 106.5298 106.602 106.6742 106.7464 106.8187 106.8909 106.9631 107.0353 107.1075 107.1797 107.2519 107.3242 107.3964 107.4686 107.5408 107.613 107.6852 107.7575 107.8297 107.9019 107.9741 108.0463 108.1185 108.1908 108.263 108.3352 108.4074 108.4796 108.5518 108.6241 108.6963 108.7685 108.8407 108.9129 108.9851 109.0573 109.1296 109.2018 109.274 109.3462 109.4184 109.4906 109.5629 109.6351 109.7073 109.7795 109.8517 109.9239 109.9962 110.0684 110.1406 110.2128 110.285 110.3572 110.4295 110.5017 110.5739 110.6461 110.7183 110.7905 110.8628 110.935 111.0072 111.0794 111.1516 111.2238 111.296 111.3683 111.4405 111.5127 111.5849 111.6571 111.7293 111.8016 111.8738 111.946 112.0182 112.0904 112.1626 112.2349 112.3071 112.3793 112.4515 112.5237 112.5959 112.6682 112.7404 112.8126 112.8848 112.957 113.0292 113.1014 113.1737 113.2459 113.3181 113.3903 113.4625 113.5347 113.607 113.6792 113.7514 113.8236 113.8958 113.968 114.0403 114.1125 114.1847 114.2569 114.3291 114.4013 114.4736 114.5458 114.618 114.6902 114.7624 114.8346 114.9068 114.9791 115.0513 115.1235 115.1957 115.2679 115.3401 115.4124 115.4846 115.5568 115.629 115.7012 115.7734 115.8457 115.9179 115.9901 116.0623 116.1345 116.2067 116.279 116.3512 116.4234 116.4956 116.5678 116.64 116.7122 116.7845 116.8567 116.9289 117.0011 117.0733 117.1455 117.2178 117.29 117.3622 117.4344 117.5066 117.5788 117.6511 117.7233 117.7955 117.8677 117.9399 118.0121 118.0844 118.1566 118.2288 118.301 118.3732 118.4454 118.5177 118.5899 118.6621 118.7343 118.8065 118.8787 118.9509 119.0232 119.0954 119.1676 119.2398 119.312 119.3842 119.4565 119.5287 119.6009 119.6731 119.7453 119.8175 119.8898 119.962 120.0342 120.1064 120.1786 120.2508 120.3231 120.3953 120.4675 120.5397 120.6119 120.6841 120.7563 120.8286 120.9008 120.973 121.0452 121.1174 121.1896 121.2619 121.3341 121.4063 121.4785 121.5507 121.6229 121.6952 121.7674 121.8396 121.9118 121.984 122.0562 122.1285 122.2007 122.2729 122.3451 122.4173 122.4895 122.5617 122.634 122.7062 122.7784 122.8506 122.9228 122.995 123.0673 123.1395 123.2117 123.2839 123.3561 123.4283 123.5006 123.5728 123.645 123.7172 123.7894 123.8616 123.9339 124.0061 124.0783 124.1505 124.2227 124.2949 124.3671 124.4394 124.5116 124.5838 124.656 124.7282 124.8004 124.8727 124.9449 125.0171 125.0893 125.1615 125.2337 125.306 125.3782 125.4504 125.5226 125.5948 125.667 125.7393 125.8115 125.8837 125.9559 126.0281 126.1003 126.1726 126.2448 126.317 126.3892 126.4614 126.5336 126.6058 126.6781 126.7503 126.8225 126.8947 126.9669 127.0391 127.1114 127.1836 127.2558 127.328 127.4002 127.4724 127.5447 127.6169 127.6891 127.7613 127.8335 127.9057 127.978 128.0502 128.1224 128.1946 128.2668 128.339 128.4112 128.4835 128.5557 128.6279 128.7001 128.7723 128.8445 128.9168 128.989 129.0612 129.1334 129.2056 129.2778 129.3501 129.4223 129.4945 129.5667 129.6389 129.7111 129.7834 129.8556 129.9278 130 

# nttot 
 2639 

# ttot 
 -0.9 -0.85 -0.8 -0.75 -0.7 -0.65 -0.6 -0.55 -0.5 -0.45 -0.4 -0.35 -0.3 -0.25 -0.2 -0.15 -0.1 -0.05 0 0.05 0.1 0.15 0.2 0.25 0.3 0.35 0.4 0.45 0.5 0.55 0.6 0.65 0.7 0.75 0.8 0.85 0.9 0.95 1 1.05 1.1 1.15 1.2 1.25 1.3 1.35 1.4 1.45 1.5 1.55 1.6 1.65 1.7 1.75 1.8 1.85 1.9 1.95 2 2.05 2.1 2.15 2.2 2.25 2.3 2.35 2.4 2.45 2.5 2.55 2.6 2.65 2.7 2.75 2.8 2.85 2.9 2.95 3 3.05 3.1 3.15 3.2 3.25 3.3 3.35 3.4 3.45 3.5 3.55 3.6 3.65 3.7 3.75 3.8 3.85 3.9 3.95 4 4.05 4.1 4.15 4.2 4.25 4.3 4.35 4.4 4.45 4.5 4.55 4.6 4.65 4.7 4.75 4.8 4.85 4.9 4.95 5 5.05 5.1 5.15 5.2 5.25 5.3 5.35 5.4 5.45 5.5 5.55 5.6 5.65 5.7 5.75 5.8 5.85 5.9 5.95 6 6.05 6.1 6.15 6.2 6.25 6.3 6.35 6.4 6.45 6.5 6.55 6.6 6.65 6.7 6.75 6.8 6.85 6.9 6.95 7 7.05 7.1 7.15 7.2 7.25 7.3 7.35 7.4 7.45 7.5 7.55 7.6 7.65 7.7 7.75 7.8 7.85 7.9 7.95 8 8.05 8.1 8.15 8.2 8.25 8.3 8.35 8.4 8.45 8.5 8.55 8.6 8.65 8.7 8.75 8.8 8.85 8.9 8.95 9 9.05 9.1 9.15 9.2 9.25 9.3 9.35 9.4 9.45 9.5 9.55 9.6 9.65 9.7 9.75 9.8 9.85 9.9 9.95 10 10.05 10.1 10.15 10.2 10.25 10.3 10.35 10.4 10.45 10.5 10.55 10.6 10.65 10.7 10.75 10.8 10.85 10.9 10.95 11 11.05 11.1 11.15 11.2 11.25 11.3 11.35 11.4 11.45 11.5 11.55 11.6 11.65 11.7 11.75 11.8 11.85 11.9 11.95 12 12.05 12.1 12.15 12.2 12.25 12.3 12.35 12.4 12.45 12.5 12.55 12.6 12.65 12.7 12.75 12.8 12.85 12.9 12.95 13 13.05 13.1 13.15 13.2 13.25 13.3 13.35 13.4 13.45 13.5 13.55 13.6 13.65 13.7 13.75 13.8 13.85 13.9 13.95 14 14.05 14.1 14.15 14.2 14.25 14.3 14.35 14.4 14.45 14.5 14.55 14.6 14.65 14.7 14.75 14.8 14.85 14.9 14.95 15 15.05 15.1 15.15 15.2 15.25 15.3 15.35 15.4 15.45 15.5 15.55 15.6 15.65 15.7 15.75 15.8 15.85 15.9 15.95 16 16.05 16.1 16.15 16.2 16.25 16.3 16.35 16.4 16.45 16.5 16.55 16.6 16.65 16.7 16.75 16.8 16.85 16.9 16.95 17 17.05 17.1 17.15 17.2 17.25 17.3 17.35 17.4 17.45 17.5 17.55 17.6 17.65 17.7 17.75 17.8 17.85 17.9 17.95 18 18.05 18.1 18.15 18.2 18.25 18.3 18.35 18.4 18.45 18.5 18.55 18.6 18.65 18.7 18.75 18.8 18.85 18.9 18.95 19 19.05 19.1 19.15 19.2 19.25 19.3 19.35 19.4 19.45 19.5 19.55 19.6 19.65 19.7 19.75 19.8 19.85 19.9 19.95 20 20.05 20.1 20.15 20.2 20.25 20.3 20.35 20.4 20.45 20.5 20.55 20.6 20.65 20.7 20.75 20.8 20.85 20.9 20.95 21 21.05 21.1 21.15 21.2 21.25 21.3 21.35 21.4 21.45 21.5 21.55 21.6 21.65 21.7 21.75 21.8 21.85 21.9 21.95 22 22.05 22.1 22.15 22.2 22.25 22.3 22.35 22.4 22.45 22.5 22.55 22.6 22.65 22.7 22.75 22.8 22.85 22.9 22.95 23 23.05 23.1 23.15 23.2 23.25 23.3 23.35 23.4 23.45 23.5 23.55 23.6 23.65 23.7 23.75 23.8 23.85 23.9 23.95 24 24.05 24.1 24.15 24.2 24.25 24.3 24.35 24.4 24.45 24.5 24.55 24.6 24.65 24.7 24.75 24.8 24.85 24.9 24.95 25 25.05 25.1 25.15 25.2 25.25 25.3 25.35 25.4 25.45 25.5 25.55 25.6 25.65 25.7 25.75 25.8 25.85 25.9 25.95 26 26.05 26.1 26.15 26.2 26.25 26.3 26.35 26.4 26.45 26.5 26.55 26.6 26.65 26.7 26.75 26.8 26.85 26.9 26.95 27 27.05 27.1 27.15 27.2 27.25 27.3 27.35 27.4 27.45 27.5 27.55 27.6 27.65 27.7 27.75 27.8 27.85 27.9 27.95 28 28.05 28.1 28.15 28.2 28.25 28.3 28.35 28.4 28.45 28.5 28.55 28.6 28.65 28.7 28.75 28.8 28.85 28.9 28.95 29 29.05 29.1 29.15 29.2 29.25 29.3 29.35 29.4 29.45 29.5 29.55 29.6 29.65 29.7 29.75 29.8 29.85 29.9 29.95 30 30.05 30.1 30.15 30.2 30.25 30.3 30.35 30.4 30.45 30.5 30.55 30.6 30.65 30.7 30.75 30.8 30.85 30.9 30.95 31 31.05 31.1 31.15 31.2 31.25 31.3 31.35 31.4 31.45 31.5 31.55 31.6 31.65 31.7 31.75 31.8 31.85 31.9 31.95 32 32.05 32.1 32.15 32.2 32.25 32.3 32.35 32.4 32.45 32.5 32.55 32.6 32.65 32.7 32.75 32.8 32.85 32.9 32.95 33 33.05 33.1 33.15 33.2 33.25 33.3 33.35 33.4 33.45 33.5 33.55 33.6 33.65 33.7 33.75 33.8 33.85 33.9 33.95 34 34.05 34.1 34.15 34.2 34.25 34.3 34.35 34.4 34.45 34.5 34.55 34.6 34.65 34.7 34.75 34.8 34.85 34.9 34.95 35 35.05 35.1 35.15 35.2 35.25 35.3 35.35 35.4 35.45 35.5 35.55 35.6 35.65 35.7 35.75 35.8 35.85 35.9 35.95 36 36.05 36.1 36.15 36.2 36.25 36.3 36.35 36.4 36.45 36.5 36.55 36.6 36.65 36.7 36.75 36.8 36.85 36.9 36.95 37 37.05 37.1 37.15 37.2 37.25 37.3 37.35 37.4 37.45 37.5 37.55 37.6 37.65 37.7 37.75 37.8 37.85 37.9 37.95 38 38.05 38.1 38.15 38.2 38.25 38.3 38.35 38.4 38.45 38.5 38.55 38.6 38.65 38.7 38.75 38.8 38.85 38.9 38.95 39 39.05 39.1 39.15 39.2 39.25 39.3 39.35 39.4 39.45 39.5 39.55 39.6 39.65 39.7 39.75 39.8 39.85 39.9 39.95 40 40.05 40.1 40.15 40.2 40.25 40.3 40.35 40.4 40.45 40.5 40.55 40.6 40.65 40.7 40.75 40.8 40.85 40.9 40.95 41 41.05 41.1 41.15 41.2 41.25 41.3 41.35 41.4 41.45 41.5 41.55 41.6 41.65 41.7 41.75 41.8 41.85 41.9 41.95 42 42.05 42.1 42.15 42.2 42.25 42.3 42.35 42.4 42.45 42.5 42.55 42.6 42.65 42.7 42.75 42.8 42.85 42.9 42.95 43 43.05 43.1 43.15 43.2 43.25 43.3 43.35 43.4 43.45 43.5 43.55 43.6 43.65 43.7 43.75 43.8 43.85 43.9 43.95 44 44.05 44.1 44.15 44.2 44.25 44.3 44.35 44.4 44.45 44.5 44.55 44.6 44.65 44.7 44.75 44.8 44.85 44.9 44.95 45 45.05 45.1 45.15 45.2 45.25 45.3 45.35 45.4 45.45 45.5 45.55 45.6 45.65 45.7 45.75 45.8 45.85 45.9 45.95 46 46.05 46.1 46.15 46.2 46.25 46.3 46.35 46.4 46.45 46.5 46.55 46.6 46.65 46.7 46.75 46.8 46.85 46.9 46.95 47 47.05 47.1 47.15 47.2 47.25 47.3 47.35 47.4 47.45 47.5 47.55 47.6 47.65 47.7 47.75 47.8 47.85 47.9 47.95 48 48.05 48.1 48.15 48.2 48.25 48.3 48.35 48.4 48.45 48.5 48.55 48.6 48.65 48.7 48.75 48.8 48.85 48.9 48.95 49 49.05 49.1 49.15 49.2 49.25 49.3 49.35 49.4 49.45 49.5 49.55 49.6 49.65 49.7 49.75 49.8 49.85 49.9 49.95 50 50.05 50.1 50.15 50.2 50.25 50.3 50.35 50.4 50.45 50.5 50.55 50.6 50.65 50.7 50.75 50.8 50.85 50.9 50.95 51 51.05 51.1 51.15 51.2 51.25 51.3 51.35 51.4 51.45 51.5 51.55 51.6 51.65 51.7 51.75 51.8 51.85 51.9 51.95 52 52.05 52.1 52.15 52.2 52.25 52.3 52.35 52.4 52.45 52.5 52.55 52.6 52.65 52.7 52.75 52.8 52.85 52.9 52.95 53 53.05 53.1 53.15 53.2 53.25 53.3 53.35 53.4 53.45 53.5 53.55 53.6 53.65 53.7 53.75 53.8 53.85 53.9 53.95 54 54.05 54.1 54.15 54.2 54.25 54.3 54.35 54.4 54.45 54.5 54.55 54.6 54.65 54.7 54.75 54.8 54.85 54.9 54.95 55 55.05 55.1 55.15 55.2 55.25 55.3 55.35 55.4 55.45 55.5 55.55 55.6 55.65 55.7 55.75 55.8 55.85 55.9 55.95 56 56.05 56.1 56.15 56.2 56.25 56.3 56.35 56.4 56.45 56.5 56.55 56.6 56.65 56.7 56.75 56.8 56.85 56.9 56.95 57 57.05 57.1 57.15 57.2 57.25 57.3 57.35 57.4 57.45 57.5 57.55 57.6 57.65 57.7 57.75 57.8 57.85 57.9 57.95 58 58.05 58.1 58.15 58.2 58.25 58.3 58.35 58.4 58.45 58.5 58.55 58.6 58.65 58.7 58.75 58.8 58.85 58.9 58.95 59 59.05 59.1 59.15 59.2 59.25 59.3 59.35 59.4 59.45 59.5 59.55 59.6 59.65 59.7 59.75 59.8 59.85 59.9 59.95 60 60.05 60.1 60.15 60.2 60.25 60.3 60.35 60.4 60.45 60.5 60.55 60.6 60.65 60.7 60.75 60.8 60.85 60.9 60.95 61 61.05 61.1 61.15 61.2 61.25 61.3 61.35 61.4 61.45 61.5 61.55 61.6 61.65 61.7 61.75 61.8 61.85 61.9 61.95 62 62.05 62.1 62.15 62.2 62.25 62.3 62.35 62.4 62.45 62.5 62.55 62.6 62.65 62.7 62.75 62.8 62.85 62.9 62.95 63 63.05 63.1 63.15 63.2 63.25 63.3 63.35 63.4 63.45 63.5 63.55 63.6 63.65 63.7 63.75 63.8 63.85 63.9 63.95 64 64.05 64.1 64.15 64.2 64.25 64.3 64.35 64.4 64.45 64.5 64.55 64.6 64.65 64.7 64.75 64.8 64.85 64.9 64.95 65 65.05 65.1 65.15 65.2 65.25 65.3 65.35 65.4 65.45 65.5 65.55 65.6 65.65 65.7 65.75 65.8 65.85 65.9 65.95 66 66.05 66.1 66.15 66.2 66.25 66.3 66.35 66.4 66.45 66.5 66.55 66.6 66.65 66.7 66.75 66.8 66.85 66.9 66.95 67 67.05 67.1 67.15 67.2 67.25 67.3 67.35 67.4 67.45 67.5 67.55 67.6 67.65 67.7 67.75 67.8 67.85 67.9 67.95 68 68.05 68.1 68.15 68.2 68.25 68.3 68.35 68.4 68.45 68.5 68.55 68.6 68.65 68.7 68.75 68.8 68.85 68.9 68.95 69 69.05 69.1 69.15 69.2 69.25 69.3 69.35 69.4 69.45 69.5 69.55 69.6 69.65 69.7 69.75 69.8 69.85 69.9 69.95 70 70.05 70.1 70.15 70.2 70.25 70.3 70.35 70.4 70.45 70.5 70.55 70.6 70.65 70.7 70.75 70.8 70.85 70.9 70.95 71 71.05 71.1 71.15 71.2 71.25 71.3 71.35 71.4 71.45 71.5 71.55 71.6 71.65 71.7 71.75 71.8 71.85 71.9 71.95 72 72.05 72.1 72.15 72.2 72.25 72.3 72.35 72.4 72.45 72.5 72.55 72.6 72.65 72.7 72.75 72.8 72.85 72.9 72.95 73 73.05 73.1 73.15 73.2 73.25 73.3 73.35 73.4 73.45 73.5 73.55 73.6 73.65 73.7 73.75 73.8 73.85 73.9 73.95 74 74.05 74.1 74.15 74.2 74.25 74.3 74.35 74.4 74.45 74.5 74.55 74.6 74.65 74.7 74.75 74.8 74.85 74.9 74.95 75 75.05 75.1 75.15 75.2 75.25 75.3 75.35 75.4 75.45 75.5 75.55 75.6 75.65 75.7 75.75 75.8 75.85 75.9 75.95 76 76.05 76.1 76.15 76.2 76.25 76.3 76.35 76.4 76.45 76.5 76.55 76.6 76.65 76.7 76.75 76.8 76.85 76.9 76.95 77 77.05 77.1 77.15 77.2 77.25 77.3 77.35 77.4 77.45 77.5 77.55 77.6 77.65 77.7 77.75 77.8 77.85 77.9 77.95 78 78.05 78.1 78.15 78.2 78.25 78.3 78.35 78.4 78.45 78.5 78.55 78.6 78.65 78.7 78.75 78.8 78.85 78.9 78.95 79 79.05 79.1 79.15 79.2 79.25 79.3 79.35 79.4 79.45 79.5 79.55 79.6 79.65 79.7 79.75 79.8 79.85 79.9 79.95 80 80.05 80.1 80.15 80.2 80.25 80.3 80.35 80.4 80.45 80.5 80.55 80.6 80.65 80.7 80.75 80.8 80.85 80.9 80.95 81 81.05 81.1 81.15 81.2 81.25 81.3 81.35 81.4 81.45 81.5 81.55 81.6 81.65 81.7 81.75 81.8 81.85 81.9 81.95 82 82.05 82.1 82.15 82.2 82.25 82.3 82.35 82.4 82.45 82.5 82.55 82.6 82.65 82.7 82.75 82.8 82.85 82.9 82.95 83 83.05 83.1 83.15 83.2 83.25 83.3 83.35 83.4 83.45 83.5 83.55 83.6 83.65 83.7 83.75 83.8 83.85 83.9 83.95 84 84.05 84.1 84.15 84.2 84.25 84.3 84.35 84.4 84.45 84.5 84.55 84.6 84.65 84.7 84.75 84.8 84.85 84.9 84.95 85 85.05 85.1 85.15 85.2 85.25 85.3 85.35 85.4 85.45 85.5 85.55 85.6 85.65 85.7 85.75 85.8 85.85 85.9 85.95 86 86.05 86.1 86.15 86.2 86.25 86.3 86.35 86.4 86.45 86.5 86.55 86.6 86.65 86.7 86.75 86.8 86.85 86.9 86.95 87 87.05 87.1 87.15 87.2 87.25 87.3 87.35 87.4 87.45 87.5 87.55 87.6 87.65 87.7 87.75 87.8 87.85 87.9 87.95 88 88.05 88.1 88.15 88.2 88.25 88.3 88.35 88.4 88.45 88.5 88.55 88.6 88.65 88.7 88.75 88.8 88.85 88.9 88.95 89 89.05 89.1 89.15 89.2 89.25 89.3 89.35 89.4 89.45 89.5 89.55 89.6 89.65 89.7 89.75 89.8 89.85 89.9 89.95 90 90.05 90.1 90.15 90.2 90.25 90.3 90.35 90.4 90.45 90.5 90.55 90.6 90.65 90.7 90.75 90.8 90.85 90.9 90.95 91 91.05 91.1 91.15 91.2 91.25 91.3 91.35 91.4 91.45 91.5 91.55 91.6 91.65 91.7 91.75 91.8 91.85 91.9 91.95 92 92.05 92.1 92.15 92.2 92.25 92.3 92.35 92.4 92.45 92.5 92.55 92.6 92.65 92.7 92.75 92.8 92.85 92.9 92.95 93 93.05 93.1 93.15 93.2 93.25 93.3 93.35 93.4 93.45 93.5 93.55 93.6 93.65 93.7 93.75 93.8 93.85 93.9 93.95 94 94.05 94.1 94.15 94.2 94.25 94.3 94.35 94.4 94.45 94.5 94.55 94.6 94.65 94.7 94.75 94.8 94.85 94.9 94.95 95 95.05 95.1 95.15 95.2 95.25 95.3 95.35 95.4 95.45 95.5 95.55 95.6 95.65 95.7 95.75 95.8 95.85 95.9 95.95 96 96.05 96.1 96.15 96.2 96.25 96.3 96.35 96.4 96.45 96.5 96.55 96.6 96.65 96.7 96.75 96.8 96.85 96.9 96.95 97 97.05 97.1 97.15 97.2 97.25 97.3 97.35 97.4 97.45 97.5 97.55 97.6 97.65 97.7 97.75 97.8 97.85 97.9 97.95 98 98.05 98.1 98.15 98.2 98.25 98.3 98.35 98.4 98.45 98.5 98.55 98.6 98.65 98.7 98.75 98.8 98.85 98.9 98.95 99 99.05 99.1 99.15 99.2 99.25 99.3 99.35 99.4 99.45 99.5 99.55 99.6 99.65 99.7 99.75 99.8 99.85 99.9 99.95 100 100.05 100.1 100.15 100.2 100.25 100.3 100.35 100.4 100.45 100.5 100.55 100.6 100.65 100.7 100.75 100.8 100.85 100.9 100.95 101 101.05 101.1 101.15 101.2 101.25 101.3 101.35 101.4 101.45 101.5 101.55 101.6 101.65 101.7 101.75 101.8 101.85 101.9 101.95 102 102.05 102.1 102.15 102.2 102.25 102.3 102.35 102.4 102.45 102.5 102.55 102.6 102.65 102.7 102.75 102.8 102.85 102.9 102.95 103 103.05 103.1 103.15 103.2 103.25 103.3 103.35 103.4 103.45 103.5 103.55 103.6 103.65 103.7 103.75 103.8 103.85 103.9 103.95 104 104.05 104.1 104.15 104.2 104.25 104.3 104.35 104.4 104.45 104.5 104.55 104.6 104.65 104.7 104.75 104.8 104.85 104.9 104.95 105 105.05 105.1 105.15 105.2 105.25 105.3 105.35 105.4 105.45 105.5 105.55 105.6 105.65 105.7 105.75 105.8 105.85 105.9 105.95 106 106.05 106.1 106.15 106.2 106.25 106.3 106.35 106.4 106.45 106.5 106.55 106.6 106.65 106.7 106.75 106.8 106.85 106.9 106.95 107 107.05 107.1 107.15 107.2 107.25 107.3 107.35 107.4 107.45 107.5 107.55 107.6 107.65 107.7 107.75 107.8 107.85 107.9 107.95 108 108.05 108.1 108.15 108.2 108.25 108.3 108.35 108.4 108.45 108.5 108.55 108.6 108.65 108.7 108.75 108.8 108.85 108.9 108.95 109 109.05 109.1 109.15 109.2 109.25 109.3 109.35 109.4 109.45 109.5 109.55 109.6 109.65 109.7 109.75 109.8 109.85 109.9 109.95 110 110.05 110.1 110.15 110.2 110.25 110.3 110.35 110.4 110.45 110.5 110.55 110.6 110.65 110.7 110.75 110.8 110.85 110.9 110.95 111 111.05 111.1 111.15 111.2 111.25 111.3 111.35 111.4 111.45 111.5 111.55 111.6 111.65 111.7 111.75 111.8 111.85 111.9 111.95 112 112.05 112.1 112.15 112.2 112.25 112.3 112.35 112.4 112.45 112.5 112.55 112.6 112.65 112.7 112.75 112.8 112.85 112.9 112.95 113 113.05 113.1 113.15 113.2 113.25 113.3 113.35 113.4 113.45 113.5 113.55 113.6 113.65 113.7 113.75 113.8 113.85 113.9 113.95 114 114.05 114.1 114.15 114.2 114.25 114.3 114.35 114.4 114.45 114.5 114.55 114.6 114.65 114.7 114.75 114.8 114.85 114.9 114.95 115 115.05 115.1 115.15 115.2 115.25 115.3 115.35 115.4 115.45 115.5 115.55 115.6 115.65 115.7 115.75 115.8 115.85 115.9 115.95 116 116.05 116.1 116.15 116.2 116.25 116.3 116.35 116.4 116.45 116.5 116.55 116.6 116.65 116.7 116.75 116.8 116.85 116.9 116.95 117 117.05 117.1 117.15 117.2 117.25 117.3 117.35 117.4 117.45 117.5 117.55 117.6 117.65 117.7 117.75 117.8 117.85 117.9 117.95 118 118.05 118.1 118.15 118.2 118.25 118.3 118.35 118.4 118.45 118.5 118.55 118.6 118.65 118.7 118.75 118.8 118.85 118.9 118.95 119 119.05 119.1 119.15 119.2 119.25 119.3 119.35 119.4 119.45 119.5 119.55 119.6 119.65 119.7 119.75 119.8 119.85 119.9 119.95 120 120.05 120.1 120.15 120.2 120.25 120.3 120.35 120.4 120.45 120.5 120.55 120.6 120.65 120.7 120.75 120.8 120.85 120.9 120.95 121 121.05 121.1 121.15 121.2 121.25 121.3 121.35 121.4 121.45 121.5 121.55 121.6 121.65 121.7 121.75 121.8 121.85 121.9 121.95 122 122.05 122.1 122.15 122.2 122.25 122.3 122.35 122.4 122.45 122.5 122.55 122.6 122.65 122.7 122.75 122.8 122.85 122.9 122.95 123 123.05 123.1 123.15 123.2 123.25 123.3 123.35 123.4 123.45 123.5 123.55 123.6 123.65 123.7 123.75 123.8 123.85 123.9 123.95 124 124.05 124.1 124.15 124.2 124.25 124.3 124.35 124.4 124.45 124.5 124.55 124.6 124.65 124.7 124.75 124.8 124.85 124.9 124.95 125 125.05 125.1 125.15 125.2 125.25 125.3 125.35 125.4 125.45 125.5 125.55 125.6 125.65 125.7 125.75 125.8 125.85 125.9 125.95 126 126.05 126.1 126.15 126.2 126.25 126.3 126.35 126.4 126.45 126.5 126.55 126.6 126.65 126.7 126.75 126.8 126.85 126.9 126.95 127 127.05 127.1 127.15 127.2 127.25 127.3 127.35 127.4 127.45 127.5 127.55 127.6 127.65 127.7 127.75 127.8 127.85 127.9 127.95 128 128.05 128.1 128.15 128.2 128.25 128.3 128.35 128.4 128.45 128.5 128.55 128.6 128.65 128.7 128.75 128.8 128.85 128.9 128.95 129 129.05 129.1 129.15 129.2 129.25 129.3 129.35 129.4 129.45 129.5 129.55 129.6 129.65 129.7 129.75 129.8 129.85 129.9 129.95 130 130.05 130.1 130.15 130.2 130.25 130.3 130.35 130.4 130.45 130.5 130.55 130.6 130.65 130.7 130.75 130.8 130.85 130.9 130.95 131 

# priors 
24 5
1 1

